5.000000000000000000e+00 0.000000000000000000e+00 0.000000000000000000e+00 5.000000000000000000e-01 7.957747154594766933e-03 9.361368339026282515e-01 4.532500113664592156e+00
4.963931510117284951e+00 -1.000000000000000000e+00 -4.058340093822834782e-02 5.397598947223718469e-01 8.012265892625294178e-03 8.703119269714816308e-01 2.525679835985958022e+00
4.943695091711723499e+00 -2.000000000000000000e+00 -8.183265487605188848e-02 5.784843631740204106e-01 8.034860345224376435e-03 8.285473796249116507e-01 1.294823470564486323e+00
4.933291365954018737e+00 -3.000000000000000000e+00 -1.232672542847301489e-01 6.156698462952819861e-01 8.034479998358502392e-03 3.225183026365109340e-01 4.647352169006913947e+00
4.895952307906804357e+00 -2.000000000000000000e+00 -8.343641554370787028e-02 5.799555978243167154e-01 8.112669918100496105e-03 9.789340423180159512e-02 3.410598285120748585e+00
4.868283249796379941e+00 -1.000000000000000000e+00 -4.219376916296632696e-02 5.413036120848775390e-01 8.169411851866871868e-03 8.327626638978720131e-01 1.209100937678763810e+00
4.858405606266003929e+00 -2.000000000000000000e+00 -8.473102441438358501e-02 5.811413511652281372e-01 8.174917287990909193e-03 5.783972431589359253e-01 2.117463538082527741e+00
4.841095516981842373e+00 -1.000000000000000000e+00 -4.266902280770253075e-02 5.417587000540203812e-01 8.215208485911774244e-03 5.414766076929902194e-01 8.920206620593129188e+00
4.767814159856259337e+00 0.000000000000000000e+00 0.000000000000000000e+00 5.000000000000000000e-01 8.345278242592700513e-03 4.154775501865598519e-01 1.237019134713248425e+00
4.757490890985666354e+00 1.000000000000000000e+00 4.418186752566844594e-02 4.567941511833594204e-01 8.359301243915961618e-03 3.469349256246251345e-01 1.308730699590038737e+00
4.746550816820632512e+00 2.000000000000000000e+00 8.877153427518882922e-02 4.151686583735966773e-01 8.366082924484485872e-03 4.037175211575565470e-01 1.238960685450928523e+00
4.736185568985973759e+00 3.000000000000000000e+00 1.337407746397042130e-01 3.752025227609098734e-01 8.363102486334744040e-03 9.085545469150431153e-01 4.376755392938536104e+00
4.699582315077210914e+00 2.000000000000000000e+00 9.055479963431349588e-02 4.135452862340918134e-01 8.449012770068882461e-03 1.324750586952453402e-01 3.464348445667179366e+00
4.670311990819800307e+00 3.000000000000000000e+00 1.375401416591019166e-01 3.719185036247010245e-01 8.478825587301102445e-03 5.471084531138945550e-01 1.582062151181573006e-01
4.668970587914986758e+00 2.000000000000000000e+00 9.174612268558081374e-02 4.124625528283379916e-01 8.503941464949316131e-03 3.518497057880711765e-01 1.973990037137418385e+00
4.652183892186776859e+00 3.000000000000000000e+00 1.386141315079755520e-01 3.709928072188796166e-01 8.511218440797470655e-03 5.676252776592817240e-01 4.141208601867722550e+00
4.616937161167371073e+00 2.000000000000000000e+00 9.382575513385933708e-02 4.105758810293601568e-01 8.598943204691806425e-03 9.076236796858978551e-01 1.449689001706695457e+00
4.604471367777228430e+00 1.000000000000000000e+00 4.716723808831853326e-02 4.539451360861215257e-01 8.636513937107051855e-03 6.697988728883811360e-01 4.734980075559283463e+00
4.563577646362736218e+00 0.000000000000000000e+00 0.000000000000000000e+00 5.000000000000000000e-01 8.718759459409277518e-03 5.526023697877165963e-01 6.764624761100236583e+00
4.504598510237538989e+00 -1.000000000000000000e+00 -4.928194302191686582e-02 5.480675880679091172e-01 8.827545335373505886e-03 4.550908430996815079e-01 1.817760775264587902e+00
4.488552144585026937e+00 0.000000000000000000e+00 0.000000000000000000e+00 5.000000000000000000e-01 8.864492266392586667e-03 5.780301795482774008e-01 2.949490499686020506e+00
4.462406408860761786e+00 -1.000000000000000000e+00 -5.021827131119664667e-02 5.489573339244542272e-01 8.910801683259599384e-03 4.155584129766235479e-01 1.949203951457270767e+00
4.445037439009100311e+00 0.000000000000000000e+00 0.000000000000000000e+00 5.000000000000000000e-01 8.951271236501362125e-03 6.814739402220003628e-01 5.384853574636624396e-01
4.440217310517558857e+00 -1.000000000000000000e+00 -5.072143695547737252e-02 5.494351048720631514e-01 8.955217561953464356e-03 1.180321805211972386e-01 2.215835290201699781e+00
4.420374023412348308e+00 0.000000000000000000e+00 0.000000000000000000e+00 5.000000000000000000e-01 9.001214730299803707e-03 8.540081805259707171e-01 3.345084784500169661e+00
4.390264196976003674e+00 -1.000000000000000000e+00 -5.188223638200118587e-02 5.505363531560022450e-01 9.056840863221738910e-03 7.224191743785225439e-01 4.040584962079138975e+00
4.353669261980126493e+00 -2.000000000000000000e+00 -1.055161966039687010e-01 5.999493627310850119e-01 9.113546275864622959e-03 2.490749913040238850e-01 4.853876438167214147e+00
4.309433234443560856e+00 -1.000000000000000000e+00 -5.384677365777303104e-02 5.523970361410972529e-01 9.226236980538768742e-03 4.671484067412303709e-01 4.351597741871220393e+00
4.269284362433079849e+00 0.000000000000000000e+00 0.000000000000000000e+00 5.000000000000000000e-01 9.319767060514586032e-03 4.858206726910706541e-01 1.543557653567829480e+00
4.254898764657353283e+00 1.000000000000000000e+00 5.523591300636712664e-02 4.462895900364563517e-01 9.344133119836835893e-03 7.854303375897480066e-01 7.084908385906604211e-01
4.248278531947377701e+00 0.000000000000000000e+00 0.000000000000000000e+00 5.000000000000000000e-01 9.365849125418570370e-03 6.590309838025739664e-01 1.926453537033679941e+00
4.230235658772391716e+00 -1.000000000000000000e+00 -5.588186301399627326e-02 5.543204717070387977e-01 9.398441952341607050e-03 2.403135979612665007e-01 2.177932943989784320e+00
4.209766482422211631e+00 0.000000000000000000e+00 0.000000000000000000e+00 5.000000000000000000e-01 9.451530373266743557e-03 1.142831055373849658e-02 1.378086875612170248e+00
4.196741452460362787e+00 1.000000000000000000e+00 5.677740912580543642e-02 4.448344279677141078e-01 9.473211050263871669e-03 5.236758646334573886e-01 4.825845716600245083e+00
4.151025197490996632e+00 0.000000000000000000e+00 0.000000000000000000e+00 5.000000000000000000e-01 9.585279269570161700e-03 8.267999296374559659e-01 1.235909538925122675e+00
4.139178659408473848e+00 -1.000000000000000000e+00 -5.836757573124214116e-02 5.566641887828709390e-01 9.604511761954702062e-03 7.430247338894244713e-01 3.540888145993482006e+00
4.105170157562513467e+00 -2.000000000000000000e+00 -1.186773033172796449e-01 6.116351521559488802e-01 9.657977558711337493e-03 4.377771799116244589e-01 8.418219326361942034e-01
4.097039860228681718e+00 -1.000000000000000000e+00 -5.957439238044349994e-02 5.577998382666939925e-01 9.702949131391540652e-03 7.650049441759402269e-01 8.911981621358538996e-01
4.088392609795487687e+00 -2.000000000000000000e+00 -1.196533346263506242e-01 6.124948743827478559e-01 9.697036914630325494e-03 6.801194246697117585e-02 3.223485289527515008e+00
4.057134353949171768e+00 -1.000000000000000000e+00 -6.075208960857265972e-02 5.589066814126686378e-01 9.798037522998214940e-03 8.565208233699597162e-01 5.304392928416961084e+00
4.005161712999815826e+00 -2.000000000000000000e+00 -1.246780163167286737e-01 6.169057124403913850e-01 9.895454901163796071e-03 4.075413499604153555e-01 2.183437084812777762e+00
3.983555609797522656e+00 -1.000000000000000000e+00 -6.301707361465207213e-02 5.610314978311747858e-01 9.978310650697850420e-03 6.876792246822921451e-01 1.549791866074770930e+00
3.968091305113903733e+00 -2.000000000000000000e+00 -1.270184130383856802e-01 6.189515744129907571e-01 9.986399067823416992e-03 3.317791633281190755e-01 1.238445334068797754e+00
3.955723695784208793e+00 -1.000000000000000000e+00 -6.390695165267591682e-02 5.618649024179072082e-01 1.004823146910695936e-02 7.175995783166322362e-01 1.966103117731098582e+00
3.935967836565113842e+00 -2.000000000000000000e+00 -1.291001996642818506e-01 6.207667688876030709e-01 1.006653329834403254e-02 3.141258410652680855e-02 1.791406153571309279e+00
3.917934586869329827e+00 -1.000000000000000000e+00 -6.514568250453650622e-02 5.630237025300455223e-01 1.014474071038934389e-02 7.881140955738906717e-01 2.289767749266185870e+00
3.894705486766012470e+00 -2.000000000000000000e+00 -1.318501872432935595e-01 6.231579513052477592e-01 1.017131840047912246e-02 1.753824581259277871e-03 2.340629276718417806e+00
3.870898201135026362e+00 -1.000000000000000000e+00 -6.673850896506217101e-02 5.645114946756223384e-01 1.026747016397094002e-02 4.881513199502094391e-01 2.061818616955798600e+00
3.849728540001912780e+00 0.000000000000000000e+00 0.000000000000000000e+00 5.000000000000000000e-01 1.033546530866668971e-02 4.404959302809802191e-01 3.471553309247758623e+00
3.813848421206995631e+00 1.000000000000000000e+00 6.875006979018356834e-02 4.336132162578940075e-01 1.042034288204781410e-02 3.931582507076044619e-01 1.307873169230342247e+00
3.800219934337385030e+00 2.000000000000000000e+00 1.384881239798076979e-01 3.711013562619155937e-01 1.041942522602381724e-02 8.063340974493153901e-01 3.077501455080164372e-01
3.797013354707966304e+00 1.000000000000000000e+00 6.936106466168402707e-02 4.330444139838171003e-01 1.046632211181179085e-02 5.743064445369217008e-02 4.823777817760605657e+00
3.746526142271471294e+00 2.000000000000000000e+00 1.424860873593443711e-01 3.676650551861430083e-01 1.056571001735188975e-02 4.866366476815007225e-01 2.542232453469232212e+00
3.719665651371414139e+00 1.000000000000000000e+00 7.227568082759738832e-02 4.303362061919489556e-01 1.068285203372822643e-02 2.797338293282664035e-01 5.797946833143833523e+00
3.657727043253515387e+00 2.000000000000000000e+00 1.494883709348179268e-01 3.616850155875549477e-01 1.081653412030352500e-02 9.650925284103493151e-01 4.145314739895335165e+00
3.612889104930040229e+00 1.000000000000000000e+00 7.661093049251700704e-02 4.263236868429476356e-01 1.099678963324027432e-02 9.877067337652504220e-01 2.800095056874396082e+00
3.582097048636516678e+00 0.000000000000000000e+00 0.000000000000000000e+00 5.000000000000000000e-01 1.110766549111754341e-02 1.664103247235181327e-01 1.804396468926318553e+00
3.562054416246329680e+00 1.000000000000000000e+00 7.881318898153730212e-02 4.242925703971824891e-01 1.115276505265508020e-02 7.255849991303705560e-01 1.074466707927355547e+00
3.550071141495916294e+00 0.000000000000000000e+00 0.000000000000000000e+00 5.000000000000000000e-01 1.120786997981336290e-02 3.186749756180643489e-01 7.896472018185545672e+00
3.461568509816858263e+00 1.000000000000000000e+00 8.345534123000147853e-02 4.200270557599065091e-01 1.147433981369073812e-02 3.887156559002851175e-01 1.497453868262862864e+00
3.444386215277084329e+00 2.000000000000000000e+00 1.685801013916212732e-01 3.456295239009833931e-01 1.146850325461332490e-02 9.496720266947057398e-01 1.005522838039091704e+00
3.432854373336445164e+00 1.000000000000000000e+00 8.485730585311816732e-02 4.187430753252066595e-01 1.156962838903614205e-02 9.050435230815898624e-01 6.312960929470131433e+00
3.359815761347971552e+00 0.000000000000000000e+00 0.000000000000000000e+00 5.000000000000000000e-01 1.184253500763697738e-02 4.912312479847599223e-01 4.565149475127580736e+00
3.305752818873677779e+00 1.000000000000000000e+00 9.150803847757026099e-02 4.126788220754359915e-01 1.201090717427243104e-02 2.536777755470447371e-01 1.310880189361919967e+00
3.290007958602659155e+00 2.000000000000000000e+00 1.847719740137706013e-01 3.322983671767021363e-01 1.198878809364098928e-02 3.421440475850402452e-01 1.057196979723082908e+00
3.277333448039521979e+00 1.000000000000000000e+00 9.310194185426079461e-02 4.112320439342562750e-01 1.211415889576819387e-02 7.232852518462421498e-01 2.774563956589830127e+00
3.243721939402921528e+00 0.000000000000000000e+00 0.000000000000000000e+00 5.000000000000000000e-01 1.226638303661066118e-02 9.659583069647283970e-01 9.891137823045822453e-01
3.231589090882382997e+00 -1.000000000000000000e+00 -9.575638302390433731e-02 5.911717405789940205e-01 1.228408238876176929e-02 7.313881793274215060e-01 2.944290717933275126e+00
3.195421181126824273e+00 -2.000000000000000000e+00 -1.958726398038319605e-01 6.766895942919710638e-01 1.233001775374352633e-02 2.304871216247970089e-01 5.993769114442700774e-01
3.188030853167532541e+00 -1.000000000000000000e+00 -9.839090799907704299e-02 5.935505226106356780e-01 1.245030937349025230e-02 3.419696890064033434e-01 2.180506809777004840e+00
3.160882868794806733e+00 0.000000000000000000e+00 0.000000000000000000e+00 5.000000000000000000e-01 1.258785517355935288e-02 7.729693608988003062e-01 6.123169480703372081e+00
3.083805298168554199e+00 -1.000000000000000000e+00 -1.051540730847804472e-01 5.996253835416207600e-01 1.286661439948192862e-02 3.619043921870614966e-01 5.950638241606323930e+00
3.007240730482994451e+00 0.000000000000000000e+00 0.000000000000000000e+00 5.000000000000000000e-01 1.323097794255511522e-02 2.049025096972499904e-01 3.546845508951951498e+00
2.960312495788400611e+00 1.000000000000000000e+00 1.141103094901882165e-01 3.924002718757850783e-01 1.339668083241546404e-02 5.689539638923950537e-01 7.152923236744252122e+00
2.864487066166969687e+00 0.000000000000000000e+00 0.000000000000000000e+00 5.000000000000000000e-01 1.389035274165715747e-02 1.506549776494719994e-01 1.188827912527131048e+00
2.847973827112840084e+00 1.000000000000000000e+00 1.232900453612548325e-01 3.843101722813352938e-01 1.391739406817955535e-02 3.794416068038857226e-01 1.821789957218572065e+00
2.822619258368777029e+00 2.000000000000000000e+00 2.510298664156336845e-01 2.804781305006917580e-01 1.386702789740413243e-02 2.737060199603844612e-01 4.699417146976394011e-01
2.816102563500911149e+00 3.000000000000000000e+00 3.782895277986990656e-01 1.932619556223822976e-01 1.358376671970841325e-02 1.253167644570969408e-01 3.705796607054373748e+00
2.765763886879997635e+00 4.000000000000000000e+00 5.229134204173317979e-01 1.138058022089447618e-01 1.323975040140856589e-02 3.795467082716708074e-02 2.783473280215675860e+00
2.728911395400952067e+00 5.000000000000000000e+00 6.714151469898923530e-01 5.398400281383702870e-02 1.241216533207187452e-02 1.691435093880816476e-01 3.522406958339771244e+00
2.685190697867198217e+00 4.000000000000000000e+00 5.547658553051625363e-01 9.911672180107172769e-02 1.345905959205888694e-02 2.280479399829127285e-02 2.260095710384714796e+00
2.654771935017373519e+00 5.000000000000000000e+00 7.094398321062982404e-01 4.221260558320805156e-02 1.239204807890442045e-02 2.976256123591181080e-02 6.060686379618560160e+00
2.579667618009979346e+00 6.000000000000000000e+00 9.016204347012962694e-01 4.839269434180948348e-03 9.314029080286855000e-03 4.780373962261830201e-03 3.862450138152285550e+00
2.543692645102070937e+00 7.000000000000000000e+00 1.000000000000000000e+00 0.000000000000000000e+00 0.000000000000000000e+00 1.354781770712804034e-01 3.526651619042023178e+00
