5.000000000000000000e+00 0.000000000000000000e+00 0.000000000000000000e+00 5.000000000000000000e-01 7.957747154594766933e-03 1.600426133798252826e-01 9.163680329327416052e-01
4.992707774893367478e+00 1.000000000000000000e+00 4.011693134639066072e-02 4.606877527439348641e-01 7.966161047267543427e-03 7.521074740586582985e-01 1.636371334464948424e+00
4.979672177309887537e+00 0.000000000000000000e+00 0.000000000000000000e+00 5.000000000000000000e-01 7.990231958294985448e-03 3.481089668663139847e-01 6.235633078206490154e+00
4.929848022608200431e+00 1.000000000000000000e+00 4.114650366655941277e-02 4.597000137154316768e-01 8.067567274106538996e-03 1.830385479045102404e-01 6.602593313400295649e-01
4.924521336034258567e+00 2.000000000000000000e+00 8.247113068804672042e-02 4.209296130104357436e-01 8.065930951269095414e-03 1.043117201002546901e-01 2.304735657493210521e+00
4.905931497359990345e+00 3.000000000000000000e+00 1.246459853709945137e-01 3.831223254635585662e-01 8.078583611697385744e-03 1.094607003967112968e-01 1.375968758433626649e+00
4.894815618697901272e+00 4.000000000000000000e+00 1.669503435354700027e-01 3.469858650678356859e-01 8.071305294553585488e-03 1.024659794477889019e-01 1.814811282686634941e+00
4.880167722783337325e+00 5.000000000000000000e+00 2.099425693483730759e-01 3.120953718639251084e-01 8.061273776530760576e-03 6.129179945483120839e-01 4.075986757355797963e+00
4.847310077622778657e+00 4.000000000000000000e+00 1.702387365024301269e-01 3.442518772005417893e-01 8.148065407033965035e-03 4.901931523334268626e-02 1.255068460952426745e+00
4.837083697712633246e+00 5.000000000000000000e+00 2.136991525586007246e-01 3.091345113435313152e-01 8.129649726796953427e-03 4.779355639410817203e-01 3.554626451044314184e+00
4.808185829756035368e+00 4.000000000000000000e+00 1.730204761770398336e-01 3.419475664112249791e-01 8.212331025373246704e-03 3.841370450879953991e-01 6.736726379307278023e+00
4.752861602701799804e+00 3.000000000000000000e+00 1.328039272141114391e-01 3.760145143276340529e-01 8.334291509674424808e-03 5.712074276544403251e-01 1.165279548383779007e+00
4.743149823255307318e+00 2.000000000000000000e+00 8.889888410316756917e-02 4.150526216942266311e-01 8.372033851167769158e-03 2.032542614955360483e-01 5.726952773453872325e+00
4.695203580771912577e+00 3.000000000000000000e+00 1.360856710819000337e-01 3.731739838550054977e-01 8.434734370859441402e-03 9.679679547262447503e-01 4.023013157859838707e+00
4.661270533414892725e+00 2.000000000000000000e+00 9.204948789040516555e-02 4.121870662200377566e-01 8.517869312280327426e-03 5.976890293050531877e-01 2.700997103760494955e+00
4.638263793072213481e+00 1.000000000000000000e+00 4.648246067286114502e-02 4.545978489022409197e-01 8.573729788020229350e-03 9.815055882733987325e-01 6.184752930245666080e-01
4.632961153029254042e+00 0.000000000000000000e+00 0.000000000000000000e+00 5.000000000000000000e-01 8.588186789988091693e-03 3.424148747484263566e-01 1.572140441459466409e+00
4.619459317257906150e+00 1.000000000000000000e+00 4.686166408464136068e-02 4.542363436957495004e-01 8.608554563007632734e-03 6.332816250682131720e-01 1.535333318790367274e+00
4.606242316610695831e+00 0.000000000000000000e+00 0.000000000000000000e+00 5.000000000000000000e-01 8.638003178749539476e-03 9.982804780369378683e-01 5.533565857628539142e+00
4.558443357142680341e+00 -1.000000000000000000e+00 -4.812457139951650809e-02 5.469665842133228928e-01 8.723519964738950944e-03 8.170626846405570909e-03 1.418824633626418308e+00
4.546066212124777017e+00 0.000000000000000000e+00 0.000000000000000000e+00 5.000000000000000000e-01 8.752344096276823762e-03 3.591516371938446861e-01 3.606579255462046163e+00
4.514500189470479263e+00 1.000000000000000000e+00 4.906599935894639247e-02 4.521377367875996645e-01 8.808230737475575625e-03 1.748189080712463372e-01 2.612005084401912924e+00
4.491493045999607858e+00 2.000000000000000000e+00 9.913991276611969217e-02 4.057744483855172390e-01 8.836813019203918623e-03 6.130429049998653568e-01 1.532996376722194576e+00
4.477946243659396863e+00 1.000000000000000000e+00 4.987033075388645070e-02 4.513731941908645795e-01 8.879956045677718166e-03 5.900211242252582089e-01 3.857341936723581277e+00
4.443693216808141777e+00 0.000000000000000000e+00 0.000000000000000000e+00 5.000000000000000000e-01 8.953979006128076276e-03 7.914585292055146271e-01 3.295300824758348845e+00
4.414187162404378917e+00 -1.000000000000000000e+00 -5.132140215207786627e-02 5.500044589926502692e-01 9.007887522179380477e-03 3.507254556783644395e-01 1.677872998026924412e-01
4.412675753280105972e+00 0.000000000000000000e+00 0.000000000000000000e+00 5.000000000000000000e-01 9.016918078197200953e-03 7.295580927866062160e-01 3.045434866433462506e+00
4.385215316576990041e+00 -1.000000000000000000e+00 -5.200177350059172893e-02 5.506496812769883231e-01 9.067240135509774257e-03 2.449934131515744129e-01 2.739957181573538403e+00
4.360371466850648581e+00 0.000000000000000000e+00 0.000000000000000000e+00 5.000000000000000000e-01 9.125079382677439566e-03 7.003141788765686604e-01 1.747085768790616500e+00
4.344429170522087880e+00 -1.000000000000000000e+00 -5.298275753843408042e-02 5.515791712402458025e-01 9.152128274686841675e-03 8.469163970866085966e-01 3.377605344306229274e+00
4.313516893149729192e+00 -2.000000000000000000e+00 -1.074897342652174625e-01 6.017127127790139474e-01 9.197399193532450681e-03 5.409395386529454175e-01 1.710129630130038825e+00
4.297788148268734787e+00 -1.000000000000000000e+00 -5.413897039291160757e-02 5.526734563353092877e-01 9.251162718895773046e-03 7.607634602141291058e-01 1.673814233790418937e+00
4.282303420430736196e+00 -2.000000000000000000e+00 -1.090624185092963633e-01 6.031151129437478664e-01 9.263638057756018104e-03 3.961545418246922301e-01 3.102178039381692787e-01
4.279429674975981257e+00 -1.000000000000000000e+00 -5.460447202264005068e-02 5.531136478402044476e-01 9.290731590191433908e-03 5.860034110792020634e-01 3.081141875057621160e+00
4.250803612823522037e+00 -2.000000000000000000e+00 -1.106847818953428791e-01 6.045592214237330841e-01 9.331440118347600690e-03 8.012253322957518797e-03 3.638016910208737631e+00
4.216855675876373333e+00 -1.000000000000000000e+00 -5.623704926815010358e-02 5.546557464129558968e-01 9.428168750210474264e-03 5.517907830638767441e-01 3.839911250737445325e+00
4.180652344618589034e+00 0.000000000000000000e+00 0.000000000000000000e+00 5.000000000000000000e-01 9.517351000063569225e-03 2.269622245505541480e-01 1.611137798643179408e+00
4.165318580679431726e+00 1.000000000000000000e+00 5.763728997763371831e-02 4.440237386203492176e-01 9.544440571789526706e-03 1.740261708767946169e-01 1.154162463828254603e+00
4.154302745633232874e+00 2.000000000000000000e+00 1.158867305089759797e-01 3.908281366450540029e-01 9.545342633127989335e-03 6.777426593272438682e-01 5.962683767293461834e+00
4.097386886061426203e+00 1.000000000000000000e+00 5.956430156977764873e-02 4.422096514409700752e-01 9.702130274653150699e-03 1.495398779910039888e-02 3.423228042512261649e+00
4.064174281633126107e+00 2.000000000000000000e+00 1.210836068035236329e-01 3.862470131147515140e-01 9.753966241399205511e-03 1.349720075821688736e-01 2.965776891100321055e+00
4.035246193957811478e+00 3.000000000000000000e+00 1.842388361952317366e-01 3.327331381860549886e-01 9.775174080207968061e-03 9.222416462907725432e-01 2.092616525964904550e+00
4.014790503133384370e+00 2.000000000000000000e+00 1.240806955563678732e-01 3.836173139485081762e-01 9.872096268462903293e-03 7.272175475244789800e-01 6.973486988007908671e+00
3.945947568260896876e+00 1.000000000000000000e+00 6.422400423691733418e-02 4.378383571231944660e-01 1.007302324057708469e-02 4.346897359659527282e-01 1.936450165902134035e+00
3.926441660735545458e+00 2.000000000000000000e+00 1.297273950700366385e-01 3.786872034457920422e-01 1.009053806339576219e-02 8.485453661802611069e-02 2.970980867111836954e+00
3.896462865210332804e+00 3.000000000000000000e+00 1.975969203117879658e-01 3.219253511465635653e-01 1.010983076882436028e-02 7.438190390657376527e-01 4.803726243547565389e+00
3.847898005828306545e+00 2.000000000000000000e+00 1.350774619576508573e-01 3.740454984068094513e-01 1.029277940326511938e-02 9.559044040050764801e-01 4.149187642499092554e+00
3.805191332721309827e+00 1.000000000000000000e+00 6.906324850803896576e-02 4.333216176392026275e-01 1.044393656039308872e-02 5.098904802223667154e-01 1.085206096857908253e+00
3.793857509090774016e+00 0.000000000000000000e+00 0.000000000000000000e+00 5.000000000000000000e-01 1.048767268608079457e-02 7.519911017805666065e-01 6.932782551272190785e-01
3.786586633670622426e+00 -1.000000000000000000e+00 -6.974357495566818610e-02 5.673114918318696853e-01 1.049500165359659037e-02 5.236402478108481695e-02 1.544722366351903187e+00
3.770374769881411403e+00 0.000000000000000000e+00 0.000000000000000000e+00 5.000000000000000000e-01 1.055299226241780165e-02 2.416565622495425725e-02 1.027300013972317405e+00
3.759533680782779719e+00 1.000000000000000000e+00 7.075091163196915722e-02 4.317519341164082203e-01 1.057014555494674088e-02 1.522335300960614424e-01 2.000952527045887663e+00
3.738383321323366371e+00 2.000000000000000000e+00 1.431074801880637126e-01 3.671323952548247727e-01 1.058824187010337821e-02 7.875315055748055570e-01 1.457272916280348163e+00
3.722953363215039335e+00 1.000000000000000000e+00 7.214808498216494781e-02 4.304545881011319075e-01 1.067346758279477496e-02 7.982546687709130007e-01 2.843105165606199414e+00
3.692607572395464999e+00 0.000000000000000000e+00 0.000000000000000000e+00 5.000000000000000000e-01 1.077524080013791616e-02 2.388991865753520294e-01 3.385403821309050709e+00
3.656129031015153075e+00 1.000000000000000000e+00 7.480953777026828899e-02 4.279886957004322978e-01 1.086748033991865627e-02 3.879591304202024693e-01 1.420292653146240092e+00
3.640694028530155446e+00 2.000000000000000000e+00 1.508904079635568218e-01 3.604935496441474818e-01 1.086596218723805130e-02 6.748742447136892864e-01 6.526619570608014342e+00
3.569776027065441060e+00 1.000000000000000000e+00 7.847260369577965800e-02 4.246063710696177940e-01 1.112879124229324175e-02 9.151107902961264084e-02 8.843517747361573811e+00
3.471358364207538738e+00 2.000000000000000000e+00 1.659705737328615871e-01 3.478025419397460238e-01 1.138196752064722130e-02 5.061105728305714813e-02 2.046735080336293588e+00
3.448062491999781543e+00 3.000000000000000000e+00 2.523312261939638645e-01 2.795042976623108300e-01 1.134967401398402458e-02 8.369032441032032699e-01 1.770296052819805510e+00
3.427970208892034076e+00 2.000000000000000000e+00 1.701985742491534670e-01 3.442852030890688475e-01 1.152178613280619573e-02 9.732294103585742429e-01 3.282111399250778661e+00
3.390154423285821395e+00 1.000000000000000000e+00 8.700837105849777708e-02 4.167768572586288411e-01 1.171425831639258917e-02 8.385614874827554965e-01 2.518665629778418680e+00
3.360650123485977581e+00 0.000000000000000000e+00 0.000000000000000000e+00 5.000000000000000000e-01 1.183959481378599361e-02 2.362294012653460840e-01 3.665093198583448064e+00
3.317256905059986494e+00 1.000000000000000000e+00 9.087444813060575888e-02 4.132546345309153213e-01 1.196960334201126533e-02 2.616416529481583320e-01 2.211942359063173491e+00
3.290780832406607459e+00 2.000000000000000000e+00 1.846851929997629094e-01 3.323691172569169239e-01 1.198607273440721425e-02 4.408903058939772635e-02 5.418542401693702715e+00
3.225833789065437163e+00 3.000000000000000000e+00 2.882951136018249150e-01 2.532619226615196451e-01 1.206687465427782463e-02 5.796754150213303536e-01 5.374671343148603952e+00
3.160978303659724098e+00 2.000000000000000000e+00 2.001644583975629998e-01 3.198684468052318541e-01 1.245880241545149238e-02 5.145447245231087319e-01 6.124509211511415252e-01
3.153347898643940717e+00 1.000000000000000000e+00 1.005671689657024886e-01 4.044897087711856187e-01 1.258586799960566445e-02 3.748455241287729223e-01 1.806282611635543933e+00
3.130614264123912971e+00 2.000000000000000000e+00 2.040661054976427025e-01 3.167553822088448046e-01 1.257441702803913271e-02 1.112341358788083712e-01 5.668730435691785807e+00
3.059333283605986331e+00 3.000000000000000000e+00 3.205292531100319420e-01 2.308402479396055029e-01 1.265329303032536670e-02 9.436663917875546259e-01 3.617767193144038718e+00
3.013556615195637001e+00 2.000000000000000000e+00 2.202273666911148398e-01 3.040226798287365417e-01 1.303915444111198967e-02 1.541069724651973338e-01 7.763886259839011261e-01
3.003433163995110178e+00 3.000000000000000000e+00 3.325717156295415755e-01 2.227302573888467752e-01 1.285966146147798743e-02 4.810569952465579835e-01 2.088793972360712292e+00
2.976571980647775728e+00 2.000000000000000000e+00 2.257341246086445041e-01 2.997438228977710173e-01 1.319253419367266179e-02 8.474559008460615939e-01 1.658149205302652751e+00
2.954696790558609454e+00 1.000000000000000000e+00 1.145444784555867263e-01 3.920157403167444654e-01 1.342180396465277037e-02 3.178305533052860898e-01 4.141599583199564449e-01
2.949138016788030114e+00 2.000000000000000000e+00 2.299533815883387233e-01 2.964858972636173484e-01 1.330841710858715783e-02 8.795679824853211981e-01 1.657791791747122767e+00
2.927075432144267353e+00 1.000000000000000000e+00 1.167164771774771986e-01 3.900948908448830799e-01 1.354672877510693270e-02 6.000069928090456806e-02 3.548584831845215337e+00
2.879003715891801818e+00 2.000000000000000000e+00 2.412934565819097321e-01 2.878178095127132408e-01 1.361307241864411280e-02 1.953776709438961312e-01 6.175841937165190032e+00
2.794931532355072967e+00 3.000000000000000000e+00 3.840421637469260130e-01 1.897020280207843412e-01 1.366842804979842216e-02 3.609844966394903931e-02 6.384979068583306550e+00
2.707658905356673085e+00 4.000000000000000000e+00 5.455971386735875006e-01 1.032409801908154012e-01 1.340010223900819225e-02 5.184024031552514344e-02 2.743487763587280970e+00
2.670895888833135778e+00 5.000000000000000000e+00 7.009000405605092521e-01 4.473039286835250872e-02 1.240388117509571078e-02 3.275816169762957308e-02 2.954868847131450593e+00
2.634244046765325198e+00 6.000000000000000000e+00 8.646477902332924126e-01 9.160110344365424151e-03 1.010149928634569878e-02 8.324749381626528333e-03 3.869545824915279653e+00
2.595155832376461635e+00 7.000000000000000000e+00 1.000000000000000000e+00 0.000000000000000000e+00 0.000000000000000000e+00 7.562154234614459902e-02 2.788577586192327651e+00
