5.000000000000000000e+00 0.000000000000000000e+00 0.000000000000000000e+00 5.000000000000000000e-01 7.957747154594766933e-03 2.282311994829574475e-01 6.329424901210286336e+00
4.949632037002172247e+00 1.000000000000000000e+00 4.081823032333279505e-02 4.600148336400315396e-01 8.035374826591194439e-03 6.960524626310976570e-01 5.653696483721765809e+00
4.904202466599687504e+00 0.000000000000000000e+00 0.000000000000000000e+00 5.000000000000000000e-01 8.113191909175239067e-03 1.391070089453672054e-01 1.413214224664852026e+00
4.892736788386205404e+00 1.000000000000000000e+00 4.177306042292276006e-02 4.590994338656257945e-01 8.128653677829635743e-03 7.000521692991431566e-01 4.363495046044155501e+00
4.857267448331986870e+00 0.000000000000000000e+00 0.000000000000000000e+00 5.000000000000000000e-01 8.191588418018347015e-03 2.730269843869621571e-01 3.162064856285941694e+00
4.831365114478211709e+00 1.000000000000000000e+00 4.284106729244195610e-02 4.580766112309357929e-01 8.231723627486493139e-03 1.533444591898892595e-01 1.701124655219382609e-01
4.829964795676445100e+00 2.000000000000000000e+00 8.573182426252640154e-02 4.179431485831639481e-01 8.222700634220911353e-03 3.313872897687727415e-01 4.120505148869518131e+00
4.796083115375525452e+00 3.000000000000000000e+00 1.304210983190403350e-01 3.780837331243320776e-01 8.260508020651164546e-03 7.121218101805054657e-01 2.902915623021066427e+00
4.772103557588286193e+00 2.000000000000000000e+00 8.782340609744854198e-02 4.160330692318301438e-01 8.321637584707554727e-03 9.837153728321725854e-01 1.268933033208853978e+00
4.761543956766658425e+00 1.000000000000000000e+00 4.410668359237281816e-02 4.568660161763860028e-01 8.352199631286291726e-03 8.836416565172885429e-01 2.067914830597219034e+00
4.744272319281012784e+00 0.000000000000000000e+00 0.000000000000000000e+00 5.000000000000000000e-01 8.386688852423159618e-03 5.824372801930431942e-01 2.753896209552872953e+00
4.721176248639625150e+00 -1.000000000000000000e+00 -4.486416330649057455e-02 5.438577667318948983e-01 8.423471584154629266e-03 3.788323643934853324e-01 5.632897028743841794e+00
4.673727700581532751e+00 0.000000000000000000e+00 0.000000000000000000e+00 5.000000000000000000e-01 8.513276408470070444e-03 6.689704686665792766e-01 2.602134886538844949e+00
4.651575007040304577e+00 -1.000000000000000000e+00 -4.621680756792775208e-02 5.451488109170423701e-01 8.549247485490447593e-03 6.106748402171077172e-01 3.869146785522416199e+00
4.618496713613184035e+00 -2.000000000000000000e+00 -9.376240054486686959e-02 5.893667066668988319e-01 8.596065377322794493e-03 5.913255593107917818e-01 2.624275563531083044e+00
4.595938269300960499e+00 -3.000000000000000000e+00 -1.420276434234066520e-01 6.319417176752034626e-01 8.613264731449006215e-03 5.105070870978473119e-01 4.221328636986738658e-01
4.592302327194079048e+00 -2.000000000000000000e+00 -9.483508827231824923e-02 5.903382412885090913e-01 8.644654999606015897e-03 1.835026709710971815e-01 2.751075476188646007e+00
4.568520228824551666e+00 -1.000000000000000000e+00 -4.791250697596542013e-02 5.467647028136044529e-01 8.704322777476221004e-03 6.678767610420954792e-01 4.704183245934865809e+00
4.527573499447538730e+00 -2.000000000000000000e+00 -9.756610714485261515e-02 5.928065345131521280e-01 8.767078814274565507e-03 3.215708316730236938e-03 1.544865365090432485e+00
4.514029543034348002e+00 -1.000000000000000000e+00 -4.907623143269462807e-02 5.478719931868769599e-01 8.809146892168540771e-03 6.851434759598185043e-02 1.977719018007522145e+00
4.496607525693284479e+00 0.000000000000000000e+00 0.000000000000000000e+00 5.000000000000000000e-01 8.848612102707190466e-03 5.333710136929802337e-01 2.661322986260893586e+00
4.473058510907843122e+00 -1.000000000000000000e+00 -4.997937740432601555e-02 5.487304083214640249e-01 8.889634942928064179e-03 6.470933099305550273e-01 1.425774653399356495e+00
4.460383894728242815e+00 -2.000000000000000000e+00 -1.005276470592452870e-01 5.954747431476111741e-01 8.897821624660818066e-03 7.716173866856482766e-01 3.561378866890267059e+00
4.428695380832816220e+00 -3.000000000000000000e+00 -1.529570983503567294e-01 6.412591613824764059e-01 8.931129025384856868e-03 8.518915825418477139e-01 4.195962287334446650e+00
4.391220700258982923e+00 -4.000000000000000000e+00 -2.074385467472457667e-01 6.859231714089411014e-01 8.961343314374842217e-03 5.060231579838410099e-01 2.449395590370231801e+00
4.369270825460959351e+00 -3.000000000000000000e+00 -1.571459978115344047e-01 6.447985654974430769e-01 9.049567370971924735e-03 5.288905051914922772e-01 1.672905715192125164e+00
4.354131752486043894e+00 -2.000000000000000000e+00 -1.054937821938529002e-01 5.999293131530708534e-01 9.112589172862266967e-03 1.510824740605767325e-01 2.682821351326168724e+00
4.329684303687225011e+00 -1.000000000000000000e+00 -5.334424068116409845e-02 5.519214366742390965e-01 9.183207562595998089e-03 3.957016905683199415e-01 3.392544995361856941e+00
4.298529858829370554e+00 0.000000000000000000e+00 0.000000000000000000e+00 5.000000000000000000e-01 9.256359052908755963e-03 6.835460142577259868e-01 1.316831802575802790e+00
4.286340790852439575e+00 -1.000000000000000000e+00 -5.442853006289618406e-02 5.529472976204923285e-01 9.275796255975493620e-03 4.308541385058508588e-01 1.431928484530006207e+00
4.273058513976811135e+00 0.000000000000000000e+00 0.000000000000000000e+00 5.000000000000000000e-01 9.311535435994677118e-03 8.199625919240441929e-01 1.300643922504137517e+00
4.260947522002802579e+00 -1.000000000000000000e+00 -5.507920068556017290e-02 5.535623415114800938e-01 9.330908853502743044e-03 9.618520623213334675e-01 6.712894905871480411e-01
4.254683780951819649e+00 -2.000000000000000000e+00 -1.104829902936799030e-01 6.043797447215631946e-01 9.323035704356972403e-03 6.051091491259256161e-01 4.478586342636859285e+00
4.212929760574370519e+00 -3.000000000000000000e+00 -1.690257290224884135e-01 6.547408804866965415e-01 9.375996380962762361e-03 3.518789750528724669e-01 4.828277693199719778e+00
4.167659846396646550e+00 -2.000000000000000000e+00 -1.151451007633619850e-01 6.085159036484595330e-01 9.515164853354496008e-03 3.484239249400106209e-01 4.527667161628064818e+00
4.124578346952636032e+00 -1.000000000000000000e+00 -5.878152986984269690e-02 5.570538957429230775e-01 9.638392759782917971e-03 3.656046058222811590e-01 5.203186718842093939e+00
4.074427989753949930e+00 0.000000000000000000e+00 0.000000000000000000e+00 5.000000000000000000e-01 9.765477724242865171e-03 3.872922089106508592e-01 1.174498539909451411e+00
4.062958450425308676e+00 1.000000000000000000e+00 6.057804282111992067e-02 4.412568068148988165e-01 9.784044299859576826e-03 4.635312061104732706e-01 2.438758904130633010e+00
4.039097525270617162e+00 0.000000000000000000e+00 0.000000000000000000e+00 5.000000000000000000e-01 9.850897514614483791e-03 5.866031973510268394e-01 2.152854797840636270e+00
4.017889973293242711e+00 -1.000000000000000000e+00 -6.194466669226662142e-02 5.600260958264585698e-01 9.893375348010912881e-03 5.033853334199411833e-01 2.243181536606992932e+00
3.995697336377861841e+00 0.000000000000000000e+00 0.000000000000000000e+00 5.000000000000000000e-01 9.957895311721158896e-03 9.642766625488523591e-01 1.589407857084703002e+00
3.979870179329385138e+00 -1.000000000000000000e+00 -6.313383751104063857e-02 5.611408967916053925e-01 9.987513781096394108e-03 3.598630423327022765e-01 1.979885226329995529e+00
3.960096048346425146e+00 0.000000000000000000e+00 0.000000000000000000e+00 5.000000000000000000e-01 1.004741685232306107e-02 6.003425742728986103e-01 1.293913856635708459e+00
3.947095556457809185e+00 -1.000000000000000000e+00 -6.418665136514371816e-02 5.621266882584085023e-01 1.007010570223998945e-02 3.248090208626027708e-01 2.132962325859606711e-01
3.944947640849779003e+00 0.000000000000000000e+00 0.000000000000000000e+00 5.000000000000000000e-01 1.008599844544526454e-02 4.302114624892072747e-02 1.913301832323787366e+00
3.925650081543293535e+00 1.000000000000000000e+00 6.488985877144300141e-02 4.372154881142459315e-01 1.012488683087776724e-02 9.283443356550518111e-01 3.982778889863448857e+00
3.885324896011017159e+00 0.000000000000000000e+00 0.000000000000000000e+00 5.000000000000000000e-01 1.024077441086692838e-02 1.999523596114227697e-01 1.422218028014805569e+00
3.870760282023049559e+00 1.000000000000000000e+00 6.674326497122302915e-02 4.354840667382864350e-01 1.026783436561256452e-02 3.378650512030967334e-02 1.264501369485197202e+00
3.857776591406085309e+00 2.000000000000000000e+00 1.343865635741517128e-01 3.746433106604830643e-01 1.026691164989115140e-02 7.341829099044339113e-01 2.122070625465024118e+00
3.835989479779606803e+00 1.000000000000000000e+00 6.795871917936459339e-02 4.343504745768852482e-01 1.036047925598026359e-02 6.024085793855147308e-01 2.451736437622457743e+00
3.810588315276488558e+00 0.000000000000000000e+00 0.000000000000000000e+00 5.000000000000000000e-01 1.044162540819811545e-02 1.197230678036661500e-01 1.834158131437602757e+00
3.791436723128616570e+00 1.000000000000000000e+00 6.956525404680580227e-02 4.328544082384925273e-01 1.048164170815033165e-02 9.996150343538068306e-03 3.605516017840539433e+00
3.753644996056614946e+00 2.000000000000000000e+00 1.419461451065109903e-01 3.681282089487883380e-01 1.054608733285092130e-02 2.154432493848689179e-01 4.058982763655533788e+00
3.710838609348567019e+00 3.000000000000000000e+00 2.178598105342994529e-01 3.058716379887209680e-01 1.059196310766499782e-02 9.819705140546410860e-01 1.155066328542388998e+00
3.698604189409739895e+00 2.000000000000000000e+00 1.462023256931593296e-01 3.644852343258849769e-01 1.069966080786879069e-02 6.484322272968913170e-01 3.304163839870050356e+00
3.663250757069504981e+00 1.000000000000000000e+00 7.451894605951590866e-02 4.282575906013946221e-01 1.084647136190709793e-02 5.373657542330324555e-01 2.479030483880735325e+00
3.636362023920797881e+00 0.000000000000000000e+00 0.000000000000000000e+00 5.000000000000000000e-01 1.094190718944777416e-02 1.649859994366088545e-01 3.161425878652482258e+00
3.601769995370263988e+00 1.000000000000000000e+00 7.708467546050641606e-02 4.258863481349193791e-01 1.103053579921339095e-02 8.413606989116956258e-01 2.357842414527214991e+00
3.575761730207917655e+00 0.000000000000000000e+00 0.000000000000000000e+00 5.000000000000000000e-01 1.112734538122042705e-02 1.859451945828692887e-01 3.843228553853796026e+00
3.532996798710218211e+00 1.000000000000000000e+00 8.011494007327196742e-02 4.230942617382000281e-01 1.124390631453728653e-02 1.826690798401602311e-01 5.097625012749711360e-01
3.527265076903218333e+00 2.000000000000000000e+00 1.607510427252521190e-01 3.521694061433757739e-01 1.120650560552167996e-02 5.855869347343998221e-01 6.968641756924142783e+00
3.449170953991375299e+00 1.000000000000000000e+00 8.405635620031125244e-02 4.194763793085255488e-01 1.151529030452930723e-02 2.426084706579312300e-02 5.072836191552179130e-01
3.443329435850070563e+00 2.000000000000000000e+00 1.686835938539344160e-01 3.455434835638051538e-01 1.147191923206592259e-02 3.883193001290312640e-01 1.412416073737936761e+00
3.427126312730077284e+00 1.000000000000000000e+00 8.514120201016880940e-02 4.184833101296993596e-01 1.158882463809938514e-02 5.466080169861010640e-01 1.182235039297774959e+00
3.413425598178638776e+00 0.000000000000000000e+00 0.000000000000000000e+00 5.000000000000000000e-01 1.165654109883180328e-02 6.741269544395900315e-02 1.176161249207740900e+00
3.399715626238395405e+00 1.000000000000000000e+00 8.651966260140622755e-02 4.172231634069243356e-01 1.168156368815415069e-02 1.198587726495914385e-01 2.274715246255909040e+00
3.373143395216841700e+00 2.000000000000000000e+00 1.757763281216164486e-01 3.396723306423426458e-01 1.170319435548826219e-02 6.179439786928705436e-01 4.946462223218468068e+00
3.315253986446435430e+00 1.000000000000000000e+00 9.098428532952630710e-02 4.131547847589360223e-01 1.197677437392015778e-02 4.777933427063411065e-01 1.370182972169956326e+00
3.298843614137768387e+00 0.000000000000000000e+00 0.000000000000000000e+00 5.000000000000000000e-01 1.206141922049662647e-02 5.785846293426805120e-01 1.241667817501347804e+00
3.283867338058285679e+00 -1.000000000000000000e+00 -9.273182174710357939e-02 5.884322263648352758e-01 1.209026558847496428e-02 3.958937137964188002e-01 4.828163871037044252e+00
3.225493554552768316e+00 0.000000000000000000e+00 0.000000000000000000e+00 5.000000000000000000e-01 1.233570462939298853e-02 3.158137825362701268e-01 2.228417973920914008e+00
3.198004448635649588e+00 1.000000000000000000e+00 9.777816281651262320e-02 4.070021217453735907e-01 1.241185818452348634e-02 4.487483381649458591e-01 1.645401688481805236e+00
3.177581956221637860e+00 0.000000000000000000e+00 0.000000000000000000e+00 5.000000000000000000e-01 1.252170245210145957e-02 2.313851475968433657e-01 2.976348541085910959e+00
3.140313005396413892e+00 1.000000000000000000e+00 1.014037753369058242e-01 4.037375874893830430e-01 1.263756901209709890e-02 6.849252918271235835e-01 1.621881544670146447e+00
3.119816365446198336e+00 0.000000000000000000e+00 0.000000000000000000e+00 5.000000000000000000e-01 1.275355056587865014e-02 7.117922461234055254e-01 1.076875873129437444e+00
3.106082374545067193e+00 -1.000000000000000000e+00 -1.036511348851194142e-01 5.982793560036328007e-01 1.277535006698157262e-02 2.773797422004569135e-01 8.470649013043575204e-01
3.095260823901450742e+00 0.000000000000000000e+00 0.000000000000000000e+00 5.000000000000000000e-01 1.285472793301526903e-02 9.073100829921065813e-02 2.214321128660727833e+00
3.066796328236189861e+00 1.000000000000000000e+00 1.063237120891551424e-01 3.993286537870536224e-01 1.293716345779356153e-02 3.785837008552049854e-01 7.613300174093084571e+00
2.968301819430699595e+00 2.000000000000000000e+00 2.269937392958365219e-01 2.987693395439166011e-01 1.322727680186978720e-02 1.337915462306088488e-01 1.295508769708994201e+00
2.951165766334508778e+00 3.000000000000000000e+00 3.444562314918323542e-01 2.148688162149450243e-01 1.305681253751621307e-02 1.450542729588072399e-01 8.302983257860905297e+00
2.842755270434483172e+00 4.000000000000000000e+00 4.949724701071780419e-01 1.275264029748225947e-01 1.301477639493723790e-02 4.979266008043448100e-02 8.627672323724889125e+00
2.730468044332415190e+00 5.000000000000000000e+00 6.706498131861416967e-01 5.423577277716168377e-02 1.241174594896477835e-02 3.301161367867633256e-02 6.341066009369289880e+00
2.651764343978507465e+00 6.000000000000000000e+00 8.532600198980598849e-01 1.076631088015889137e-02 1.028560258034939140e-02 1.335797933105231650e-04 2.419132044768578460e+00
2.626882113176630007e+00 7.000000000000000000e+00 1.000000000000000000e+00 0.000000000000000000e+00 0.000000000000000000e+00 7.754943369718201307e-01 3.985999509271961116e+00
