5.000000000000000000e+00 0.000000000000000000e+00 0.000000000000000000e+00 5.000000000000000000e-01 7.957747154594766933e-03 3.483443450822806264e-01 4.001183988928053381e+00
4.968159589497097350e+00 1.000000000000000000e+00 4.051435451446890046e-02 4.603063519463931330e-01 8.005458400933834762e-03 8.034353388345356617e-01 2.863517750691194408e+00
4.945235817263603728e+00 0.000000000000000000e+00 0.000000000000000000e+00 5.000000000000000000e-01 8.045872278541922953e-03 6.747468398049496496e-01 7.558920520192523362e+00
4.884417708194485286e+00 -1.000000000000000000e+00 -4.191547632614794211e-02 5.410370227483239924e-01 8.142473985921418189e-03 7.581438476233737234e-02 1.288380064266082980e+00
4.873927107037219209e+00 0.000000000000000000e+00 0.000000000000000000e+00 5.000000000000000000e-01 8.163588600971251330e-03 3.823660425116469641e-01 1.262506201390987348e+00
4.863620525802888395e+00 1.000000000000000000e+00 4.227470977275832320e-02 4.586188657704271532e-01 8.177229810266136573e-03 6.772590748161966268e-01 3.922235931145087395e+00
4.831547501223831809e+00 0.000000000000000000e+00 0.000000000000000000e+00 5.000000000000000000e-01 8.235194989368383595e-03 1.179410570849865891e-01 5.868987783742526387e-01
4.826714275344897942e+00 1.000000000000000000e+00 4.292366712922342925e-02 4.579975534706867690e-01 8.239640778372499599e-03 5.066603230755700737e-01 1.868071350824817012e+00
4.811322038465732476e+00 0.000000000000000000e+00 0.000000000000000000e+00 5.000000000000000000e-01 8.269813463923096977e-03 8.885090076325730113e-02 1.472618560793403253e+00
4.799143757664459997e+00 1.000000000000000000e+00 4.341826662868403935e-02 4.575243063098357044e-01 8.286887868441393176e-03 8.257695586536508703e-01 2.985711194354626397e+00
4.774401503789293066e+00 0.000000000000000000e+00 0.000000000000000000e+00 5.000000000000000000e-01 8.333764083601842912e-03 2.215268199794201420e-01 1.315518466285265697e+00
4.763438283243649707e+00 1.000000000000000000e+00 4.407160983262924103e-02 4.568995435639905400e-01 8.348884595390492977e-03 1.006682239870696494e-01 4.064571772253686710e+00
4.729503642587421730e+00 2.000000000000000000e+00 8.941262950489674288e-02 4.145846796525932132e-01 8.395995722981068957e-03 4.835330083999400674e-01 4.002433921778384196e+00
4.695899224498655933e+00 1.000000000000000000e+00 4.534845166629807717e-02 4.556797893679672140e-01 8.468720601819180321e-03 2.576445450045740104e-01 6.038581069908774523e+00
4.644760168586164362e+00 2.000000000000000000e+00 9.270505316260833906e-02 4.115920602783326721e-01 8.547885496337163935e-03 9.861035469549039867e-01 3.100518250201229176e+00
4.618257293604140834e+00 1.000000000000000000e+00 4.688606123518408719e-02 4.542130901338906068e-01 8.610790229946129956e-03 6.690365890799077064e-01 2.426365768687593683e+00
4.597364366948849757e+00 0.000000000000000000e+00 0.000000000000000000e+00 5.000000000000000000e-01 8.654683987856411076e-03 9.125114185767907449e-01 4.137740307640041415e+00
4.561553532162409219e+00 -1.000000000000000000e+00 -4.805896883123171592e-02 5.469041365886710970e-01 8.717585854222144326e-03 3.230613013414863621e-01 4.096832317635894505e-01
4.557982083416474595e+00 0.000000000000000000e+00 0.000000000000000000e+00 5.000000000000000000e-01 8.729462960756056641e-03 7.262870077932577217e-01 2.108700219092647821e+00
4.539574262958566919e+00 -1.000000000000000000e+00 -4.852546991702873236e-02 5.473481093016945298e-01 8.759694853863544267e-03 5.924399985603953089e-01 5.420278564683734146e+00
4.492094276708999523e+00 -2.000000000000000000e+00 -9.911337638129753824e-02 5.942016456924471557e-01 8.835642048015861574e-03 5.140510399872139091e-01 1.798336210709879923e+00
4.476204821669181655e+00 -1.000000000000000000e+00 -4.990914139246691028e-02 5.486636801952002873e-01 8.883402075232546199e-03 2.659571126180402256e-01 4.992300140287358801e+00
4.431856212242768933e+00 0.000000000000000000e+00 0.000000000000000000e+00 5.000000000000000000e-01 8.977894107453114267e-03 4.989954280227965056e-01 2.667060674605840731e+00
4.407911623928005618e+00 1.000000000000000000e+00 5.146763861337622786e-02 4.498568202988423304e-01 9.020678029900395384e-03 6.158670470045053413e-01 7.676591895559993217e-01
4.400986817542326790e+00 0.000000000000000000e+00 0.000000000000000000e+00 5.000000000000000000e-01 9.040866837950070276e-03 7.502961834819656950e-01 5.486314855084928332e+00
4.351385775506436460e+00 -1.000000000000000000e+00 -5.281348480198869849e-02 5.514188527135237550e-01 9.137537726680956124e-03 4.528683176111174546e-01 1.196103695769814568e+00
4.340456332861316824e+00 0.000000000000000000e+00 0.000000000000000000e+00 5.000000000000000000e-01 9.166947602199304254e-03 1.681075950449525402e-01 8.220409239803196932e-01
4.332920726784325716e+00 1.000000000000000000e+00 5.326458076299807332e-02 4.481539770189308935e-01 9.176367827853609827e-03 1.212083210917748177e-01 1.483212012154171644e+00
4.319310227794107782e+00 2.000000000000000000e+00 1.072015834494529501e-01 3.985445062975820907e-01 9.185207183042928825e-03 7.355845924448352058e-01 1.670360463652832417e+00
4.303967620865092769e+00 1.000000000000000000e+00 5.398362065698571188e-02 4.474734949926329475e-01 9.237919186218185655e-03 4.193522377919052246e-01 1.091262182573967232e+00
4.293886629011498535e+00 2.000000000000000000e+00 1.084747975874034570e-01 3.974085932684106037e-01 9.238948095886757167e-03 6.150574407669696653e-01 5.399261229932884376e+00
4.244003134752015072e+00 1.000000000000000000e+00 5.551989140396855482e-02 4.460213377667856527e-01 9.368048369056577312e-03 3.862622652586418237e-01 4.355764127100382410e+00
4.203198125725137402e+00 2.000000000000000000e+00 1.132062154966945317e-01 3.932016081168474564e-01 9.435775216241996943e-03 6.049252232800506057e-03 1.636535554630641709e+00
4.187756144098254474e+00 3.000000000000000000e+00 1.710639459646957072e-01 3.435674908398104188e-01 9.430662325454747599e-03 2.302741768616396456e-01 1.799992377277302991e+00
4.170781023799759346e+00 4.000000000000000000e+00 2.299456580835994024e-01 2.964918447521504019e-01 9.410322889805771210e-03 7.478394267480843460e-01 5.572806234831451988e+00
4.118339117727672694e+00 3.000000000000000000e+00 1.768793137888829137e-01 3.387638320343301368e-01 9.584582159436676879e-03 5.087106271356139908e-01 5.772486418297400057e-01
4.112806430693632720e+00 2.000000000000000000e+00 1.182370146746090644e-01 3.887529811449728090e-01 9.640301403900207108e-03 1.203827796645173809e-01 7.661228460481724900e-01
4.105420775545314704e+00 3.000000000000000000e+00 1.779942214483534180e-01 3.378467499861493306e-01 9.613751792841435106e-03 3.032678698586125376e-01 1.574213275882699659e+00
4.090286679841982576e+00 4.000000000000000000e+00 2.390850913124272226e-01 2.894957491315086062e-01 9.584482758191903429e-03 2.360178404899253568e-01 1.538450897062663136e+00
4.075541423744760472e+00 5.000000000000000000e+00 3.010227930308079225e-01 2.442845679312263818e-01 9.531019768807534945e-03 2.574929408319899249e-01 6.071385589829683127e-01
4.069754774136688624e+00 4.000000000000000000e+00 2.415035442415083833e-01 2.876584366990967423e-01 9.629822218342789716e-03 2.390489349572986200e-01 1.279751741374871132e+00
4.057430992383634027e+00 5.000000000000000000e+00 3.037160338654837366e-01 2.424056807480061138e-01 9.569169465381626230e-03 1.753498965058873926e-01 1.390458580863541460e+00
4.044125458588756494e+00 6.000000000000000000e+00 3.668613926729683561e-01 2.004322480440066112e-01 9.483263732626928330e-03 2.022379047864950596e-01 2.736154825295468385e+00
4.018177780767179463e+00 5.000000000000000000e+00 3.096789663363951894e-01 2.382715647591939212e-01 9.652661010475875256e-03 7.130933092895556102e-01 8.171976463441504857e-01
4.010289648908460514e+00 4.000000000000000000e+00 2.487187398970741037e-01 2.822117658909201188e-01 9.763282501847041217e-03 9.318280190199519364e-01 1.020054634518536396e+00
4.000330567344337673e+00 3.000000000000000000e+00 1.874690131527361747e-01 3.301033022934942163e-01 9.857401419211793761e-03 4.595112162290386770e-01 5.819996412487654647e-01
3.994593563254711377e+00 2.000000000000000000e+00 1.253385886010338346e-01 3.825162922952157762e-01 9.921216665320043912e-03 3.765699431655239460e-01 2.050507296725913253e+00
3.974250036090074101e+00 3.000000000000000000e+00 1.899375715482526372e-01 3.281005689945711845e-01 9.919671673510915139e-03 3.899010570670990994e-01 1.933341588773523467e+00
3.955071922296696574e+00 2.000000000000000000e+00 1.278560327934127050e-01 3.803175497674223804e-01 1.001872670444396013e-02 1.411291629908383305e-01 2.140181603938236532e-01
3.952927732837923092e+00 3.000000000000000000e+00 1.919921647409101040e-01 3.264383309200402650e-01 9.971129698244624029e-03 9.105125037472042715e-01 2.148241730401608152e+00
3.931507335920907398e+00 2.000000000000000000e+00 1.293933076970902041e-01 3.789780063413067390e-01 1.007775935514639877e-02 7.560735475616942036e-02 7.131155041270864636e-01
3.924320729477890790e+00 3.000000000000000000e+00 1.948014861414880394e-01 3.241723233599781429e-01 1.004095484353706436e-02 7.552408679471289688e-02 4.201363782378223277e+00
3.882135025457758903e+00 4.000000000000000000e+00 2.654108776490333166e-01 2.698105893381817499e-01 1.006204151689025182e-02 3.086204883655395692e-01 5.725754361781469015e+00
3.824522247353998150e+00 3.000000000000000000e+00 2.051005720086966078e-01 3.159325503104506438e-01 1.029180980277051571e-02 8.609950837642477151e-02 3.968422408594228568e+00
3.783679998707693670e+00 4.000000000000000000e+00 2.794030823374893391e-01 2.596299588723555707e-01 1.030222500969996298e-02 5.163733973368368479e-01 1.859210062815534137e+00
3.764525998300269460e+00 3.000000000000000000e+00 2.116901512229207305e-01 3.107162088394708199e-01 1.044824733121202734e-02 4.720793381008910883e-01 6.691838895010341348e-01
3.757534199512700290e+00 2.000000000000000000e+00 1.416524569015993329e-01 3.683802523715303812e-01 1.053539670386634264e-02 6.210578016633937493e-01 1.998366335370920011e+00
3.736480617409915883e+00 1.000000000000000000e+00 7.162663234720309524e-02 4.309385548834976376e-01 1.063502684302770028e-02 3.025698060378771981e-01 2.563989815243812309e+00
3.709212516899548451e+00 2.000000000000000000e+00 1.453672458631205811e-01 3.651985722217938601e-01 1.066972695940354363e-02 8.817175640095574751e-01 3.918158105185506113e+00
3.667406839733445167e+00 1.000000000000000000e+00 7.435014481876643655e-02 4.284138271985193369e-01 1.083424815468178072e-02 5.566622648975104726e-01 7.031400613837984537e+00
3.591226900608142536e+00 0.000000000000000000e+00 0.000000000000000000e+00 5.000000000000000000e-01 1.107942685722140309e-02 2.716573048379292699e-01 4.131373329568054587e+00
3.545453651983318188e+00 1.000000000000000000e+00 7.955296580221019043e-02 4.236113713817536430e-01 1.120465452096922228e-02 2.248700390649641667e-01 1.293098034006343378e+00
3.530964935250532566e+00 2.000000000000000000e+00 1.604143390219234799e-01 3.524520410599968345e-01 1.119507575712809858e-02 4.657257073242905276e-01 3.736078984340641007e+00
3.489139247986225101e+00 1.000000000000000000e+00 8.214164499260383223e-02 4.212319799284416355e-01 1.138429550398990971e-02 1.185061651459923260e-01 3.893299599725813742e+00
3.444816774857380803e+00 2.000000000000000000e+00 1.685379631611103879e-01 3.456645593521375237e-01 1.146711205028650218e-02 7.057030571632844085e-01 1.403798624286467511e+00
3.428719258736649955e+00 1.000000000000000000e+00 8.506210901802228885e-02 4.185556721772746847e-01 1.158347993466113043e-02 6.257352188657205883e-02 1.048536734738842791e+00
3.416573554509047650e+00 2.000000000000000000e+00 1.713359297970643014e-01 3.433420706226479879e-01 1.155905447216114094e-02 2.040076390408255280e-01 1.127468948492517331e+00
3.403541079517752532e+00 3.000000000000000000e+00 2.589758464527215365e-01 2.745583980702302473e-01 1.148751726025420972e-02 9.468694352728889152e-01 7.902292587608993335e-01
3.394463307268178909e+00 2.000000000000000000e+00 1.735752337071190532e-01 3.414889471711214375e-01 1.163201318646825931e-02 6.134779744174979621e-01 1.055999156054417742e+00
3.382179911160054786e+00 1.000000000000000000e+00 8.741915186147233841e-02 4.164019021946172572e-01 1.174166587803294332e-02 4.418262220328073031e-02 3.496783695241126200e+00
3.341121845362780007e+00 2.000000000000000000e+00 1.791617796636748583e-01 3.368876919824527194e-01 1.181166501274535582e-02 4.724870942855140532e-01 2.873882915259927895e+00
3.307176503081877605e+00 1.000000000000000000e+00 9.142927007327525391e-02 4.127503856397907178e-01 1.200578038578170234e-02 9.244153239380288323e-01 1.728624908062652565e+00
3.286423012066285398e+00 0.000000000000000000e+00 0.000000000000000000e+00 5.000000000000000000e-01 1.210700376271930771e-02 5.826627221221122310e-01 4.143464902033466402e+00
3.236258066906670727e+00 -1.000000000000000000e+00 -9.548028529546918886e-02 5.909220428554170512e-01 1.226652382881124846e-02 9.522855698497804111e-01 1.910618530953570371e+00
3.212821419168960357e+00 -2.000000000000000000e+00 -1.937567417563859362e-01 6.749859042683605814e-01 1.226589283928205751e-02 2.634243466093145747e-01 2.024656791699241953e+00
3.187987195925652717e+00 -1.000000000000000000e+00 -9.839360280606154752e-02 5.935529522694830140e-01 1.245047820091815631e-02 6.016322353735716888e-01 1.620975700123218566e+00
3.167805273307050751e+00 -2.000000000000000000e+00 -1.993026351053329426e-01 6.794418649253681775e-01 1.243307816232919888e-02 9.684688161297960729e-01 2.415083685240455136e+00
3.137778349079890283e+00 -3.000000000000000000e+00 -3.047030003763441242e-01 7.582810411571709874e-01 1.237170443216179666e-02 5.085761494493021839e-01 5.153904751400245843e+00
3.074015762824052089e+00 -2.000000000000000000e+00 -2.116497770882636853e-01 6.892519630175077960e-01 1.279527488414455849e-02 7.303078663532963644e-01 7.418789249843553701e-01
3.064523218048123443e+00 -3.000000000000000000e+00 -3.194445054627986225e-01 7.684221094276126873e-01 1.263437256098474612e-02 6.940593879373591069e-01 8.889599224459038274e-01
3.053291767196157913e+00 -2.000000000000000000e+00 -2.145326425304270035e-01 6.915205151748829993e-01 1.287792935018794264e-02 4.250511520289838030e-01 2.068601688075219158e+00
3.026652460803445521e+00 -1.000000000000000000e+00 -1.091628559258304432e-01 6.032045913688885985e-01 1.310672064497558041e-02 7.085383312504316411e-01 2.301668876433404343e+00
2.996485129822798132e+00 -2.000000000000000000e+00 -2.227438602958917713e-01 6.979364466461338568e-01 1.310954994332109470e-02 4.896368041936902671e-01 9.849241168724993667e-01
2.983573217922276477e+00 -1.000000000000000000e+00 -1.123379772939861188e-01 6.060280667227340157e-01 1.329359221202624196e-02 3.434245260200591288e-01 5.020216515059829909e+00
2.916836506754991731e+00 0.000000000000000000e+00 0.000000000000000000e+00 5.000000000000000000e-01 1.364105793411067233e-02 4.547903455330607470e-01 8.731171292013346630e-01
2.904926265412291819e+00 1.000000000000000000e+00 1.185031168705629745e-01 3.885183774834561898e-01 1.364855918697640072e-02 1.453109984188512005e-01 4.303265521211627309e+00
2.846192891248759960e+00 2.000000000000000000e+00 2.468887702360492153e-01 2.835882621982851459e-01 1.375985452995856506e-02 9.402274439253561766e-01 4.518861556111842148e+00
2.784014013595638826e+00 1.000000000000000000e+00 1.290200381539014507e-01 3.793030469687156403e-01 1.423188259734960680e-02 1.407675789840735492e-01 4.250896260259746207e+00
2.723515757086109712e+00 2.000000000000000000e+00 2.696312413462741420e-01 2.667192618086922096e-01 1.433368579676619695e-02 6.094007580448197459e-01 2.406229096121287991e+00
2.689025625267270403e+00 1.000000000000000000e+00 1.382961589783182066e-01 3.712667548157599362e-01 1.472527666022398034e-02 7.525335762909474147e-01 2.361654286166818384e+00
2.654249612527660229e+00 0.000000000000000000e+00 0.000000000000000000e+00 5.000000000000000000e-01 1.499057797170882944e-02 7.036748382798511114e-01 5.074813301172009794e+00
2.578175228044575995e+00 -1.000000000000000000e+00 -1.504440920073502608e-01 6.391273795973921867e-01 1.534457861861242452e-02 9.837398869807585378e-01 2.451925723363661991e+00
2.540551461015424284e+00 -2.000000000000000000e+00 -3.098660549625433802e-01 7.618575689535184159e-01 1.526630499128134831e-02 8.913085452464990510e-01 2.885240925709214199e+00
2.496504493070220487e+00 -3.000000000000000000e+00 -4.813450950766670067e-01 8.654985447994841818e-01 1.488913154635012649e-02 6.106444478069306125e-01 2.104504720595024914e+00
2.465170245445366337e+00 -2.000000000000000000e+00 -3.291062737570928931e-01 7.749508040439536671e-01 1.567791300627211296e-02 3.534454363956180956e-01 2.295055016106628099e+00
2.429188572558238057e+00 -1.000000000000000000e+00 -1.694640343060959675e-01 6.551050048444471141e-01 1.626011887816638732e-02 3.618596838525968140e-01 2.201754168452196847e+00
2.393387788038706887e+00 0.000000000000000000e+00 0.000000000000000000e+00 5.000000000000000000e-01 1.662444171054254516e-02 9.157221253958370832e-01 1.335041559925235655e+00
2.371193467444578040e+00 -1.000000000000000000e+00 -1.778549760051369721e-01 6.620387797602430568e-01 1.664520666511689478e-02 7.577392153225114280e-01 5.391629461326487238e+00
2.281448680799065709e+00 -2.000000000000000000e+00 -3.842453206722462045e-01 8.104230874429875220e-01 1.674396729485469817e-02 8.804293009019473759e-01 2.157844616333280729e+00
2.245317801115803036e+00 -3.000000000000000000e+00 -5.950666560613226963e-01 9.180144934833204262e-01 1.579191849857524213e-02 3.266237261081947896e-01 1.001685627384925947e+00
2.229499263326946146e+00 -2.000000000000000000e+00 -4.023604908580770134e-01 8.214135085563006866e-01 1.705903134828895898e-02 7.202769153893268106e-01 7.279995396481075076e+00
2.105309593642976207e+00 -1.000000000000000000e+00 -2.256150471168853477e-01 7.001639723741082122e-01 1.865240673497295734e-02 8.231611772048909037e-01 2.618126099927835959e+00
2.056475240743673716e+00 -2.000000000000000000e+00 -4.729149304852517388e-01 8.610906647473164366e-01 1.812517000808712420e-02 6.031009997470190287e-01 5.335765373034288217e+00
1.959763586234162913e+00 -1.000000000000000000e+00 -2.603710126485351828e-01 7.264744805347234102e-01 1.994654400904836630e-02 7.832643612668438449e-01 2.038350420040870414e+00
1.919105539874955468e+00 -2.000000000000000000e+00 -5.430405711757786413e-01 8.955940402043206516e-01 1.892649688688819928e-02 6.593319417851943864e-01 3.613066527439852571e+00
1.850722847491245160e+00 -1.000000000000000000e+00 -2.919558805026157278e-01 7.493367624225868440e-01 2.102025792728959633e-02 7.672643252222662857e-01 3.147773256593659141e+00
1.784555841741022109e+00 -2.000000000000000000e+00 -6.280145577418912994e-01 9.308134153740196259e-01 1.951511493228050981e-02 4.614900034649817018e-01 2.466992037708903851e+00
1.736412208588111961e+00 -1.000000000000000000e+00 -3.316609486834183884e-01 7.766614562426258361e-01 2.224695925085203030e-02 3.334348110024916156e-01 1.651242946265050415e+00
1.699677074049296577e+00 0.000000000000000000e+00 0.000000000000000000e+00 5.000000000000000000e-01 2.340958549154368434e-02 1.847102772206923316e-01 1.751968554733887240e+00
1.658664216388757495e+00 1.000000000000000000e+00 3.634821173261638116e-01 2.025775074817917631e-01 2.313898089170043568e-02 9.197704865730172985e-01 1.591240742202638669e+00
1.621844527260835500e+00 0.000000000000000000e+00 0.000000000000000000e+00 5.000000000000000000e-01 2.453301478913876010e-02 5.620004732845329531e-02 5.888166494398815232e+00
1.477390051572837981e+00 1.000000000000000000e+00 4.581520767394787752e-01 1.467995859708698392e-01 2.534732507043491873e-02 8.571442924502862271e-01 2.175835833088263449e+00
1.422238433411649128e+00 0.000000000000000000e+00 0.000000000000000000e+00 5.000000000000000000e-01 2.797613595459453109e-02 9.874466597350948227e-01 5.786256360866211423e+00
1.260361338791918584e+00 -1.000000000000000000e+00 -6.295204667363065720e-01 9.313724577163579044e-01 2.760727810421720677e-02 4.084272895351827026e-01 3.908986497459738363e+00
1.152444861450917735e+00 0.000000000000000000e+00 0.000000000000000000e+00 5.000000000000000000e-01 3.452550061517058178e-02 8.526914051213552170e-02 2.459350676924431323e+00
1.067534548141843009e+00 1.000000000000000000e+00 8.774777690388164686e-01 7.505848539852810752e-03 2.416315518778035590e-02 4.316204271293533345e-03 2.794772111465788633e+00
1.000004035898014676e+00 2.000000000000000000e+00 1.000000000000000000e+00 0.000000000000000000e+00 0.000000000000000000e+00 3.104522164626625225e-01 2.501094718772484349e+00
