5.000000000000000000e+00 0.000000000000000000e+00 0.000000000000000000e+00 5.000000000000000000e-01 7.957747154594766933e-03 1.055889760686057333e-01 4.156198135869028754e+00
4.966926026110356496e+00 1.000000000000000000e+00 4.053448093879578884e-02 4.602870411336930090e-01 8.007443328343638242e-03 9.903947325929347567e-01 5.836549554795146477e+00
4.920190186317265457e+00 0.000000000000000000e+00 0.000000000000000000e+00 5.000000000000000000e-01 8.086828814793332529e-03 9.675859668240330835e-01 2.212756380211023721e+00
4.902296004261657458e+00 -1.000000000000000000e+00 -4.161030877434915981e-02 5.407445998762008266e-01 8.112830820715748528e-03 1.419720910227671995e-01 3.682232949342382433e+00
4.872422671301177566e+00 0.000000000000000000e+00 0.000000000000000000e+00 5.000000000000000000e-01 8.166109235007783587e-03 4.691113678558469502e-01 6.767578256193163888e+00
4.817157888004640398e+00 1.000000000000000000e+00 4.309414195108666329e-02 4.578344105841635203e-01 8.255956428834157479e-03 8.314595496203120994e-01 3.053099808279165384e+00
4.791951629014605807e+00 0.000000000000000000e+00 0.000000000000000000e+00 5.000000000000000000e-01 8.303242364146276241e-03 7.330853980201642583e-01 1.617549836692887100e+00
4.778520720684459100e+00 -1.000000000000000000e+00 -4.379384257798774049e-02 5.428348922541149646e-01 8.322583927231294934e-03 3.285921633969652866e-01 3.575806027844197210e+00
4.748760774910226523e+00 0.000000000000000000e+00 0.000000000000000000e+00 5.000000000000000000e-01 8.378761883141192315e-03 7.808147705442108899e-01 3.218422686190208548e+00
4.721794377583338864e+00 -1.000000000000000000e+00 -4.485241776211751352e-02 5.438465480725637180e-01 8.422371093959629684e-03 9.932371272082021196e-01 1.912953893116491888e-01
4.720183216825992290e+00 -2.000000000000000000e+00 -8.976608466243281292e-02 5.857371096846213376e-01 8.412439828033854011e-03 3.888536521091323639e-01 5.696582204059736920e-01
4.715391001324282350e+00 -1.000000000000000000e+00 -4.497431726808431146e-02 5.439629726612191796e-01 8.433785305621496059e-03 6.212063271508302398e-01 3.722593100169556468e+00
4.683995450337264721e+00 -2.000000000000000000e+00 -9.115847821815864505e-02 5.870035441426333378e-01 8.476893533899840238e-03 8.685343580511249995e-01 2.994032215294353705e+00
4.658615358011148011e+00 -3.000000000000000000e+00 -1.382316673614197022e-01 6.286776704306605845e-01 8.499698748232796877e-03 8.431271092894616626e-01 3.767675135529589880e+00
4.626591254377939499e+00 -4.000000000000000000e+00 -1.868691999336009879e-01 6.694091509916888505e-01 8.523592514486295554e-03 9.163877346043090011e-01 4.961270494532969089e+00
4.584303406328396946e+00 -5.000000000000000000e+00 -2.379158074169246684e-01 7.096138417075010807e-01 8.552916349926970030e-03 2.530124743936499332e-01 5.771430910977624507e+00
4.534940840527422523e+00 -4.000000000000000000e+00 -1.944987163538022534e-01 6.755838410221638446e-01 8.689230386607868159e-03 1.412802330722029431e-01 8.943679048784208829e-01
4.527169471751546048e+00 -3.000000000000000000e+00 -1.463752837741142954e-01 6.356624219241380214e-01 8.741288829480439032e-03 2.087469405646230625e-01 3.273180423083176471e+00
4.498557656282375028e+00 -2.000000000000000000e+00 -9.882877530714505310e-02 5.939452118927899260e-01 8.823073086435607656e-03 2.931092150068820290e-01 2.464328188891293792e+00
4.476814708562823597e+00 -1.000000000000000000e+00 -4.989554384161597883e-02 5.486507611939906992e-01 8.882194891590380892e-03 8.365516298105170057e-01 2.631443784686843923e+00
4.453441712020970833e+00 -2.000000000000000000e+00 -1.008413034532083807e-01 5.957568192121374118e-01 8.911549345049767784e-03 5.421340480513363591e-01 5.775422076362952684e-01
4.448294916138770816e+00 -1.000000000000000000e+00 -5.053739530344392161e-02 5.492603811414156212e-01 8.938997669478023975e-03 7.050329306283141806e-01 8.406359433130672354e-01
4.440780473400615769e+00 -2.000000000000000000e+00 -1.014171463438088144e-01 5.962744275575480035e-01 8.936693742666085641e-03 7.557452304455434255e-01 3.763035870354828338e-01
4.437417563489012728e+00 -3.000000000000000000e+00 -1.523563847329378884e-01 6.407501507484923975e-01 8.913994937892003381e-03 2.023846222536263006e-03 1.754131955256960751e+00
4.421781240119457834e+00 -2.000000000000000000e+00 -1.022905444145473935e-01 5.970588666762350893e-01 8.974687934868658470e-03 3.350755536117411282e-03 5.334587339230584035e+00
4.373904983488562159e+00 -1.000000000000000000e+00 -5.227106047863527144e-02 5.509049285968546927e-01 9.090622773042931343e-03 4.719068580322214324e-01 9.097339964177302285e-01
4.365634934903315667e+00 0.000000000000000000e+00 0.000000000000000000e+00 5.000000000000000000e-01 9.114077646498177851e-03 5.957833699907766345e-04 5.324342907664743052e+00
4.317108460226277700e+00 1.000000000000000000e+00 5.365547952360771866e-02 4.477839757178464497e-01 9.209881519327070554e-03 8.337218341179767345e-01 7.044612038832823719e-01
4.310620456003550593e+00 0.000000000000000000e+00 0.000000000000000000e+00 5.000000000000000000e-01 9.230396454310580562e-03 5.727306048516120907e-01 4.564917555133137128e+00
4.268484457188429282e+00 -1.000000000000000000e+00 -5.488486385701336207e-02 5.533786897167118912e-01 9.314483061275176043e-03 5.235107191073291588e-01 1.895518076547117570e+00
4.250828686172090087e+00 0.000000000000000000e+00 0.000000000000000000e+00 5.000000000000000000e-01 9.360230371646417399e-03 9.840016025121207655e-01 2.728580468335919385e+00
4.225288544400891411e+00 -1.000000000000000000e+00 -5.601279646654639538e-02 5.544440797825450629e-01 9.409411375024672244e-03 8.183407864901118822e-01 1.254164573560255125e+00
4.213487593996280367e+00 -2.000000000000000000e+00 -1.126539843775906241e-01 6.063085242795174246e-01 9.413031014294290233e-03 5.778759219399818292e-01 2.937502349961166104e+00
4.185836793271533907e+00 -1.000000000000000000e+00 -5.707361979783449890e-02 5.554449207594206461e-01 9.497809617982043429e-03 9.576639873376779910e-02 3.720487557975740156e+00
4.150500310759809075e+00 0.000000000000000000e+00 0.000000000000000000e+00 5.000000000000000000e-01 9.586491457385274556e-03 8.855012257118656249e-01 3.911813865838667859e+00
4.112999740552065298e+00 -1.000000000000000000e+00 -5.911295036067235054e-02 5.573657799105007360e-01 9.665431209909739266e-03 3.248693108403144514e-03 1.912768516057498980e+00
4.094512008039630224e+00 0.000000000000000000e+00 0.000000000000000000e+00 5.000000000000000000e-01 9.717577014024652779e-03 4.829696642673163565e-01 1.428008729670184218e+00
4.080635223232360609e+00 1.000000000000000000e+00 6.005434741250016001e-02 4.417489149090704781e-01 9.741815672429619821e-03 4.625090704869170288e-01 2.495246747568900858e+00
4.056326989360314883e+00 0.000000000000000000e+00 0.000000000000000000e+00 5.000000000000000000e-01 9.809055304796455987e-03 3.813115235922908131e-01 1.632240920964069808e+00
4.040316247895826329e+00 1.000000000000000000e+00 6.125891211748248771e-02 4.406174150394262523e-01 9.838669744243994097e-03 9.580932977526619432e-01 5.551260693212417552e-01
4.034854545833354678e+00 0.000000000000000000e+00 0.000000000000000000e+00 5.000000000000000000e-01 9.861256538742441818e-03 7.146035399738124294e-01 1.255517848599520647e+00
4.022473562239344602e+00 -1.000000000000000000e+00 -6.180357583494232310e-02 5.598937348419495974e-01 9.882145237336752847e-03 9.028175292755112880e-01 3.229132152814612855e+00
3.990562809314676773e+00 -2.000000000000000000e+00 -1.255919183605778144e-01 6.177052533818327973e-01 9.931076817375669372e-03 2.124893471186495297e-01 5.704983823711542890e+00
3.933906176719511816e+00 -1.000000000000000000e+00 -6.461777568147805684e-02 5.625300472144671993e-01 1.010372718883792084e-02 1.553547569087444513e-01 1.922537722326633114e+00
3.914481380062873495e+00 0.000000000000000000e+00 0.000000000000000000e+00 5.000000000000000000e-01 1.016449739054187465e-02 2.839426425310260793e-01 2.150748548060434029e+00
3.892620102058401699e+00 1.000000000000000000e+00 6.599574834992188999e-02 4.361819710502112257e-01 1.021042787996746457e-02 4.645622464407939134e-02 3.464921372112864439e+00
3.857241772278685588e+00 2.000000000000000000e+00 1.344238324266565643e-01 3.746110509354783624e-01 1.026830888045039691e-02 5.308501098989648614e-02 2.344984681282860972e+00
3.833162745251348813e+00 3.000000000000000000e+00 2.041769620212683656e-01 3.166671538888488624e-01 1.026963430313518159e-02 8.954614944728951365e-01 1.272220163686674121e+00
3.820097509417212045e+00 2.000000000000000000e+00 1.370506496400552554e-01 3.723407906433253700e-01 1.036625985796539064e-02 4.799768988081108967e-01 5.460226416067921917e+00
3.763495383504924963e+00 1.000000000000000000e+00 7.060203590731979617e-02 4.318902878298094272e-01 1.055907462463919096e-02 4.249615663486220329e-01 2.502892906858265043e+00
3.737067150523928571e+00 2.000000000000000000e+00 1.432083009908617088e-01 3.670460077454829051e-01 1.059189253865487450e-02 9.425343460174065990e-01 1.810241674546760882e+00
3.717893265238134681e+00 1.000000000000000000e+00 7.234460746922430352e-02 4.302722636457137484e-01 1.068791793019802962e-02 7.083196793073218700e-01 4.849078490789719531e+00
3.666066712291485619e+00 0.000000000000000000e+00 0.000000000000000000e+00 5.000000000000000000e-01 1.085324924382070899e-02 8.586422835469520454e-01 2.742804521794687034e+00
3.636298371189369494e+00 -1.000000000000000000e+00 -7.562771469642669275e-02 5.727679390813246174e-01 1.092640784739177563e-02 4.323479255641866636e-01 7.671050007486567013e-02
3.635460200979374168e+00 0.000000000000000000e+00 0.000000000000000000e+00 5.000000000000000000e-01 1.094462147110150142e-02 7.712321893614073609e-01 1.589717202325680923e+00
3.618061347953821283e+00 -1.000000000000000000e+00 -7.639204690792170127e-02 5.734741744925306861e-01 1.098116165653311750e-02 5.329315686605609059e-01 2.143141110664162685e+00
3.594527168964856134e+00 0.000000000000000000e+00 0.000000000000000000e+00 5.000000000000000000e-01 1.106925442559169963e-02 1.218921403664756653e-01 1.688707660815941924e+00
3.575834434216838442e+00 1.000000000000000000e+00 7.820692235647253021e-02 4.248512389957631585e-01 1.111005264461048525e-02 8.437266304480407486e-01 3.586927251720133825e+00
3.535983483617839873e+00 0.000000000000000000e+00 0.000000000000000000e+00 5.000000000000000000e-01 1.125252308369495240e-02 2.614859484898383046e-01 2.355572524504848442e+00
3.509477349410531577e+00 1.000000000000000000e+00 8.119235015409566325e-02 4.221037487076769734e-01 1.131876373099175402e-02 3.231678124485060088e-01 4.771057051536057858e-01
3.504077102659189702e+00 2.000000000000000000e+00 1.628855986317972460e-01 3.503802604890222661e-01 1.127865012855044924e-02 1.826132854491903101e-01 6.587160419544324519e+00
3.429782824946513653e+00 3.000000000000000000e+00 2.550280864381698764e-01 2.774915759979874608e-01 1.140592411327680938e-02 4.780988227227668252e-01 1.183452802452194419e+01
3.294799096382368564e+00 2.000000000000000000e+00 1.842349917562985107e-01 3.327362743374231435e-01 1.197197383922069848e-02 5.922878390984455121e-01 4.973720781461071772e-01
3.288844570874444706e+00 1.000000000000000000e+00 9.245135934735843053e-02 4.118222675752287731e-01 1.207212700690605406e-02 4.758663188520099174e-01 2.584875429527848212e+00
3.257639626392153875e+00 0.000000000000000000e+00 0.000000000000000000e+00 5.000000000000000000e-01 1.221397709268412513e-02 7.269414327293977074e-01 4.110073572524041707e-01
3.252619591945748567e+00 -1.000000000000000000e+00 -9.452211979836969147e-02 5.900549042327810634e-01 1.220538183998029665e-02 5.941442992382438559e-01 3.888168951399076256e+00
3.205163005235566853e+00 -2.000000000000000000e+00 -1.946837723669527787e-01 6.757328867554390772e-01 1.229403969828835042e-02 9.667804055923301387e-02 2.459665232557297632e+00
3.174923783222007856e+00 -1.000000000000000000e+00 -9.920496122984738541e-02 5.942841490635396573e-01 1.250119918514515545e-02 4.472370078638536750e-01 2.262820448110949734e+00
3.146635814079953519e+00 0.000000000000000000e+00 0.000000000000000000e+00 5.000000000000000000e-01 1.264484933239968210e-02 7.023611584839917210e-02 1.118401911208072974e+00
3.132493790419659696e+00 1.000000000000000000e+00 1.019106478628468843e-01 4.032822422110656779e-01 1.266878378093990246e-02 2.592435174123631780e-01 3.520064696676393545e+00
3.087898851882546758e+00 2.000000000000000000e+00 2.097509148017435987e-01 3.122468083283405638e-01 1.274044482659277694e-02 2.719050374538866111e-01 4.645964343451854717e+00
3.028707199498481106e+00 3.000000000000000000e+00 3.270443682348074810e-01 2.264346411622447097e-01 1.276577459519054325e-02 9.189461457042155113e-01 7.117781604709758625e+00
2.937843203914962675e+00 2.000000000000000000e+00 2.317249350564037913e-01 2.951232877070434912e-01 1.335665796697908803e-02 8.849234471208355934e-02 2.305119847578070758e+00
2.907054506537967598e+00 3.000000000000000000e+00 3.549890076572410624e-01 2.080195901214952903e-01 1.322624330944703608e-02 8.324495187068552404e-01 7.004064692502482536e+00
2.814417042759822518e+00 2.000000000000000000e+00 2.524951797570973433e-01 2.793817281431870692e-01 1.390465790027829544e-02 3.419212049351735283e-01 3.149520042889856875e+00
2.770624044013369147e+00 1.000000000000000000e+00 1.302701167644104707e-01 3.782150348964961051e-01 1.429947935528477591e-02 3.795408291013423474e-01 4.692428212213469507e+00
2.703524763666666608e+00 0.000000000000000000e+00 0.000000000000000000e+00 5.000000000000000000e-01 1.471735576744272016e-02 8.821080410642084813e-01 1.467126945519407810e+00
2.681932534453455919e+00 -1.000000000000000000e+00 -1.390286489954136173e-01 6.293641663746686321e-01 1.476345342670211565e-02 1.092814089358079555e-01 3.671366818667173959e+00
2.627730481413723673e+00 0.000000000000000000e+00 0.000000000000000000e+00 5.000000000000000000e-01 1.514186331300134726e-02 1.743301998024961996e-01 1.445070287862782576e+00
2.605849424637225908e+00 1.000000000000000000e+00 1.472656185914389126e-01 3.635779626181206980e-01 1.518531261400247155e-02 4.654215850199779902e-01 2.150686819922390747e+00
2.573190572941889354e+00 0.000000000000000000e+00 0.000000000000000000e+00 5.000000000000000000e-01 1.546280178054748079e-02 6.614250746073154774e-01 3.624764416236189390e+00
2.517141559272447093e+00 -1.000000000000000000e+00 -1.578282422399074625e-01 6.453733652156380396e-01 1.570742762908544296e-02 3.495785464191906167e-01 1.504248420856517221e+00
2.493513686065677248e+00 0.000000000000000000e+00 0.000000000000000000e+00 5.000000000000000000e-01 1.595689488103568809e-02 4.103358797982380457e-01 9.070526482210006236e-01
2.479039942306449529e+00 1.000000000000000000e+00 1.627170086325093190e-01 3.505214038166467594e-01 1.594238957793238376e-02 2.852865766737082698e-01 7.901001643608119629e+00
2.353079096048164676e+00 2.000000000000000000e+00 3.612076537929833076e-01 2.040278307863325202e-01 1.631846975004633965e-02 6.536791572716574850e-01 2.391566030153001510e+00
2.314052398129874621e+00 1.000000000000000000e+00 1.867469952191797844e-01 3.306902248925164267e-01 1.704181338569817419e-02 6.121775313057197243e-01 1.817385502686998278e+00
2.283080853543209443e+00 0.000000000000000000e+00 0.000000000000000000e+00 5.000000000000000000e-01 1.742765076025407436e-02 7.146822460306859748e-01 7.170053261419917057e+00
2.158123669370762610e+00 -1.000000000000000000e+00 -2.147075637797959125e-01 6.916578948076683719e-01 1.821920281975393865e-02 6.108430378595292032e-01 1.336900998013360820e+00
2.133766398938025777e+00 0.000000000000000000e+00 0.000000000000000000e+00 5.000000000000000000e-01 1.864718452440560989e-02 5.146314048531352991e-02 2.475637131000192781e+00
2.087602736540794979e+00 1.000000000000000000e+00 2.294585712324551663e-01 2.968670467235646759e-01 1.880182703504851977e-02 7.670619236006736008e-01 3.930419480769174356e+00
2.013703669288187559e+00 0.000000000000000000e+00 0.000000000000000000e+00 5.000000000000000000e-01 1.975898260494232672e-02 7.176302313201374794e-01 1.507496765034178399e+00
1.983917066930870332e+00 -1.000000000000000000e+00 -2.540697574361148736e-01 7.217940366142917563e-01 1.972110181962342251e-02 4.125910930133152021e-01 2.847285044385446273e+00
1.927765468661053916e+00 0.000000000000000000e+00 0.000000000000000000e+00 5.000000000000000000e-01 2.063982181432549856e-02 3.559134954389797656e-02 4.435706815924121749e+00
1.836213270359790872e+00 1.000000000000000000e+00 2.965881236976842250e-01 2.473941338615722185e-01 2.117019707983046339e-02 7.516707785901436401e-01 1.341057273351997869e+00
1.807822823587589056e+00 0.000000000000000000e+00 0.000000000000000000e+00 5.000000000000000000e-01 2.200920093154586088e-02 3.268839165578738548e-01 4.574844542476645515e+00
1.707134150821634666e+00 1.000000000000000000e+00 3.431347476245930062e-01 2.157359798891035352e-01 2.257763863507318211e-02 7.381772887259707705e-01 1.975780392711988798e+00
1.662525695092720301e+00 0.000000000000000000e+00 0.000000000000000000e+00 5.000000000000000000e-01 2.393270425258286691e-02 7.432662048717325609e-01 1.472283764521908012e+00
1.627289963180538201e+00 -1.000000000000000000e+00 -3.776331475336267562e-01 8.063297504755497780e-01 2.351088662583351863e-02 9.630027760204977749e-01 2.823206966581420119e+00
1.560913864267979179e+00 -2.000000000000000000e+00 -8.208657198073956440e-01 9.839554548299387360e-01 1.853232080808452434e-02 3.654657713771697347e-01 3.662277548967771246e+00
1.493043361842262939e+00 -1.000000000000000000e+00 -4.485957534665049873e-01 8.479766784524143119e-01 2.515400932548373519e-02 3.221974397495702691e-01 3.085651784771070161e-01
1.485281710465330196e+00 0.000000000000000000e+00 0.000000000000000000e+00 5.000000000000000000e-01 2.678867954316104319e-02 1.797838178606310233e-01 2.997684981717952279e+00
1.404977688118741463e+00 1.000000000000000000e+00 5.065952870108724193e-01 1.217241053999417177e-01 2.622394778021992778e-02 7.940787929240851195e-01 3.513410898370775914e+00
1.312842184189410677e+00 0.000000000000000000e+00 0.000000000000000000e+00 5.000000000000000000e-01 3.030732577925246071e-02 4.267590389149221730e-01 1.289328535991508318e+00
1.273766084212629490e+00 1.000000000000000000e+00 6.163404029734942391e-01 7.359734319527039270e-02 2.752318877269922803e-02 8.034434231903523349e-01 8.501003104947191247e-01
1.250368612891153086e+00 0.000000000000000000e+00 0.000000000000000000e+00 5.000000000000000000e-01 3.182160473540095180e-02 6.875733464508129167e-01 3.630976372850055700e+00
1.134825117950738704e+00 -1.000000000000000000e+00 -7.765011806469624966e-01 9.750241388738991599e-01 2.710585477798614640e-02 9.754465141755835900e-01 4.973662402802355942e+00
1.000009747145648387e+00 -2.000000000000000000e+00 -1.000000000000000000e+00 1.000000000000000000e+00 0.000000000000000000e+00 3.289191778975246727e-01 1.215370041416944158e+00
