5.000000000000000000e+00 0.000000000000000000e+00 0.000000000000000000e+00 5.000000000000000000e-01 7.957747154594766933e-03 4.295141264316921781e-01 1.345283468281633477e+00
4.989294574308158481e+00 1.000000000000000000e+00 4.017183849519333216e-02 4.606350498088486178e-01 7.971601933334467038e-03 3.549754023233647748e-01 3.142109342808696137e+00
4.964246929396276542e+00 2.000000000000000000e+00 8.115648782030633612e-02 4.221366999373574180e-01 8.001818563976978785e-03 9.508695324585147990e-02 1.046083557256564989e+00
4.955876358568350071e+00 3.000000000000000000e+00 1.221463036368545946e-01 3.853135561092187467e-01 7.998425740754235708e-03 7.817478678632912015e-01 4.916085889767612294e+00
4.916555410643874247e+00 2.000000000000000000e+00 8.273859074069003783e-02 4.206842464581876939e-01 8.078909560089123088e-03 5.994650297923412863e-01 2.003652651809999075e+00
4.900368082080068355e+00 1.000000000000000000e+00 4.164305619921290780e-02 4.592240158655924720e-01 8.116017058938248055e-03 8.406629827741256555e-01 1.212777884949378882e+00
4.890525156077115909e+00 0.000000000000000000e+00 0.000000000000000000e+00 5.000000000000000000e-01 8.135882037848457538e-03 8.326790420281928728e-01 1.829260557462067283e+00
4.875642507965115335e+00 -1.000000000000000000e+00 -4.206649137527296300e-02 5.411816965269600210e-01 8.157102921716541041e-03 6.776405615029545970e-01 1.504531867188900196e-01
4.874415245836148713e+00 -2.000000000000000000e+00 -8.417535346238509686e-02 5.806326083971263818e-01 8.148260312232483843e-03 6.015653962623502826e-01 2.790918836465461350e-01
4.872141132517165296e+00 -3.000000000000000000e+00 -1.263809263885089795e-01 6.183948571111000936e-01 8.133708625530391284e-03 7.730944691307692906e-01 2.576829172081529951e+00
4.851181954853687195e+00 -4.000000000000000000e+00 -1.699670994240897459e-01 6.555226919807705110e-01 8.141757310372981990e-03 7.131407068921137293e-01 4.653069139726085268e+00
4.813297795169651394e+00 -5.000000000000000000e+00 -2.158164479540403136e-01 6.925280783502908433e-01 8.167854073345547083e-03 5.856853978112047665e-01 3.451224554253103260e+00
4.785108696636164893e+00 -4.000000000000000000e+00 -1.746933512938833033e-01 6.594344678007392213e-01 8.250689812155024075e-03 3.957019255642072464e-01 3.374812326289575726e+00
4.757264166957712703e+00 -3.000000000000000000e+00 -1.325582367246785631e-01 6.237723936629006039e-01 8.326717383439158002e-03 6.059416089001606887e-01 1.426787131114829910e+00
4.745383713750591426e+00 -2.000000000000000000e+00 -8.881520546262601512e-02 5.848711351019417748e-01 8.368124134271730241e-03 5.580577841868281652e-01 9.948877911605090718e-01
4.737058369214488529e+00 -1.000000000000000000e+00 -4.456383195373681688e-02 5.435708643945363905e-01 8.395286393257093624e-03 7.113380568079952226e-01 3.153547028859382984e+00
4.710583438752609098e+00 -2.000000000000000000e+00 -9.013232913052326989e-02 5.860704107532768159e-01 8.429443416896031591e-03 6.570067973081487045e-01 4.786169790104485955e+00
4.670238691323266522e+00 -3.000000000000000000e+00 -1.375444590839355330e-01 6.280852199715893924e-01 8.478956084330394397e-03 1.507518634849974726e-01 1.740630878028494477e+00
4.655479958549433306e+00 -2.000000000000000000e+00 -9.227861612018627147e-02 5.880209446236579485e-01 8.528372986685737664e-03 6.574109447890501556e-01 2.347337120861398674e+00
4.635460992057234719e+00 -3.000000000000000000e+00 -1.396160648852639019e-01 6.298697420982407591e-01 8.541313536200556208e-03 4.508976901829239159e-01 3.539448228435170041e+00
4.605229454993020610e+00 -2.000000000000000000e+00 -9.430342110109808662e-02 5.898568534854126133e-01 8.620608149547908869e-03 9.923272434065266712e-02 2.450445295832467618e+00
4.584105126305745515e+00 -1.000000000000000000e+00 -4.758727787867784997e-02 5.464550033707266108e-01 8.674797643170258088e-03 5.654264738647324373e-01 2.341203346810786456e+00
4.563795661030648709e+00 -2.000000000000000000e+00 -9.602351806940380430e-02 5.914132600581912813e-01 8.698152865600600539e-03 9.495007924439691216e-01 2.108147042032280094e+00
4.545458675795888581e+00 -3.000000000000000000e+00 -1.451997361211119220e-01 6.346582544362916467e-01 8.706883550233570843e-03 3.774571890929667717e-03 3.199235676897152825e+00
4.517603303307392792e+00 -2.000000000000000000e+00 -9.799723248988574664e-02 5.931955037020474331e-01 8.786240021702623054e-03 6.748247560711068127e-01 2.795022284131438717e+00
4.493045566653006695e+00 -3.000000000000000000e+00 -1.486071169061151942e-01 6.375650793085413381e-01 8.806187511085309533e-03 8.628965498002285628e-01 3.741088213208344282e+00
4.460100842351982564e+00 -4.000000000000000000e+00 -2.010808141623601775e-01 6.808640672502613844e-01 8.828991792050593090e-03 6.835228388693824764e-01 1.636587211782558393e+00
4.445651427292179214e+00 -5.000000000000000000e+00 -2.529875730943060286e-01 7.209862170242326007e-01 8.802053595068378908e-03 2.880956722788056146e-01 8.698779646318712810e-01
4.437994714826320575e+00 -4.000000000000000000e+00 -2.030890134560354998e-01 6.824664397627626666e-01 8.871073478765168288e-03 2.274497187843127488e-01 1.472656097618674220e+00
4.424930674375393558e+00 -3.000000000000000000e+00 -1.532174791691281457e-01 6.414796812076570820e-01 8.938544072092786258e-03 1.941804991146102166e-01 6.006228551195696319e+00
4.371243735763468585e+00 -2.000000000000000000e+00 -1.046694518440273863e-01 5.991916047693628400e-01 9.077315011674554415e-03 5.894545048105478413e-01 1.681256658430003936e+00
4.355982439459424427e+00 -1.000000000000000000e+00 -5.270208042628690692e-02 5.513133257856575042e-01 9.127922229728812481e-03 1.699859212758466631e-01 2.331417594988065112e+00
4.334701440967352326e+00 0.000000000000000000e+00 0.000000000000000000e+00 5.000000000000000000e-01 9.179117942686819756e-03 7.895647906632646817e-01 5.582904232585012672e+00
4.283455304553728915e+00 -1.000000000000000000e+00 -5.450188470989279083e-02 5.530166569914275465e-01 9.282026147774279437e-03 7.553305425099373638e-01 5.084618256027224614e-01
4.278735748593339494e+00 -2.000000000000000000e+00 -1.092443699828450632e-01 6.032772037963707312e-01 9.271268756933299937e-03 4.064736036923436435e-01 1.347869384449446928e+00
4.266239289280866487e+00 -1.000000000000000000e+00 -5.494264690724354194e-02 5.534332996826565321e-01 9.319370096348898042e-03 3.745682712408801018e-01 1.312335368344995201e+00
4.254009150292731078e+00 0.000000000000000000e+00 0.000000000000000000e+00 5.000000000000000000e-01 9.353232296229512660e-03 6.873393318837683896e-01 1.163271416588162355e+00
4.243128802509818165e+00 -1.000000000000000000e+00 -5.554277443897686489e-02 5.540002745427873299e-01 9.369972757556837423e-03 8.677510477938819022e-01 4.264332774910823409e-01
4.239133134316810825e+00 -2.000000000000000000e+00 -1.112950587776003752e-01 6.051017637234455959e-01 9.356808050226898474e-03 7.012735463497156152e-01 1.843779014732993105e+00
4.221881247988918062e+00 -3.000000000000000000e+00 -1.683097317754066735e-01 6.541456488702519501e-01 9.356702533010520864e-03 7.918111339398989923e-01 1.340642876113236515e+00
4.209337251394126511e+00 -4.000000000000000000e+00 -2.257524882627652829e-01 7.002703952843503110e-01 9.328889182377548758e-03 7.466442326546390840e-01 3.195269931943623298e+00
4.179528932291241006e+00 -5.000000000000000000e+00 -2.862301198904692590e-01 7.452662791242130602e-01 9.316501775499074281e-03 4.330731872235251689e-01 3.729663766717206119e+00
4.144781513186605260e+00 -4.000000000000000000e+00 -2.328395262098823248e-01 7.057324037270611417e-01 9.465956976565570793e-03 4.297932571271612101e-01 2.653437592339850770e+00
4.119664187097514585e+00 -3.000000000000000000e+00 -1.767655473957669143e-01 6.611425180227044063e-01 9.581599600429346539e-03 9.010159447296630653e-01 1.889413927397689097e+00
4.101560579365715498e+00 -4.000000000000000000e+00 -2.377725582838579599e-01 7.095046635474326902e-01 9.559747103551638134e-03 2.473719603265234213e-01 2.724052325076625536e+00
4.075519328041140810e+00 -3.000000000000000000e+00 -1.806156342423063665e-01 6.643046305759310322e-01 9.681915892085312877e-03 4.599811756938781970e-01 6.955833893400993340e-01
4.068784748169618659e+00 -2.000000000000000000e+00 -1.208093550721033443e-01 6.135119049356345666e-01 9.743078308343398192e-03 9.316861277883985437e-01 2.242622379093083929e+00
4.046934702714071186e+00 -3.000000000000000000e+00 -1.831761220517372224e-01 6.663993762067808024e-01 9.747934229030533887e-03 5.634376294677621022e-01 3.186583077822175536e+00
4.015872100456118865e+00 -2.000000000000000000e+00 -1.240138670957220551e-01 6.163241474797043207e-01 9.869479119407324752e-03 8.474766368134278860e-01 3.113192855100472833e+00
3.985146508578016888e+00 -3.000000000000000000e+00 -1.889003097931279407e-01 6.710586462731580326e-01 9.893565853924844028e-03 7.743382654494951334e-01 3.176590771710255723e+00
3.953718698587131541e+00 -4.000000000000000000e+00 -2.558871386633307932e-01 7.231480247966775021e-01 9.893261582113626815e-03 1.242231405287450574e-01 2.578464362374010665e+00
3.928209276170007591e+00 -3.000000000000000000e+00 -1.944160078239401679e-01 6.755172157748410289e-01 1.003141011414424716e-02 8.519210335676937751e-01 6.288320274739668037e+00
3.865128556565005979e+00 -4.000000000000000000e+00 -2.677516183803567706e-01 7.319061538077067386e-01 1.010285790139775833e-02 7.297780126352224617e-01 2.025099652479886991e+00
3.844669262539831767e+00 -3.000000000000000000e+00 -2.029566489415598196e-01 6.823609482667660764e-01 1.024023968477552095e-02 4.170083496327364747e-01 1.788962942087096719e+00
3.826349853225678554e+00 -2.000000000000000000e+00 -1.366031277320339243e-01 6.272729204789466717e-01 1.034964558674969504e-02 5.448323280300993998e-01 3.054341128363369240e+00
3.794738505046084676e+00 -1.000000000000000000e+00 -6.944424999244556973e-02 5.670329980639389200e-01 1.047256599336796566e-02 5.636636154411146515e-01 2.167865257381590638e+00
3.772035393073426501e+00 0.000000000000000000e+00 0.000000000000000000e+00 5.000000000000000000e-01 1.054834635063014829e-02 6.261277249486930652e-01 1.263736077532559898e+00
3.758705067231826291e+00 -1.000000000000000000e+00 -7.078210941156891367e-02 5.682770559051932846e-01 1.057246401908331322e-02 9.004147695890025727e-01 8.146492005888829269e+00
3.672576573617816642e+00 -2.000000000000000000e+00 -1.482819458136913349e-01 6.372881780865440327e-01 1.077379405670710923e-02 2.947656517133501186e-01 1.920396542986953836e+00
3.651886616756462978e+00 -1.000000000000000000e+00 -7.498345193023435440e-02 5.721721928985474825e-01 1.088003378468754660e-02 1.436635908629646519e-02 1.289965122016362598e+00
3.637851752647856429e+00 0.000000000000000000e+00 0.000000000000000000e+00 5.000000000000000000e-01 1.093742639292904183e-02 9.526196052897784039e-02 3.036869182943308321e+00
3.604636219494459226e+00 1.000000000000000000e+00 7.696213654005144844e-02 4.259994486903533328e-01 1.102181727801100110e-02 4.490789440851215009e-01 4.909559990474268609e+00
3.550523946364018357e+00 0.000000000000000000e+00 0.000000000000000000e+00 5.000000000000000000e-01 1.120644061948103398e-02 2.127464652196356942e-01 1.026361963599264682e+00
3.539022081964849242e+00 1.000000000000000000e+00 7.984237647932727888e-02 4.233450260616060667e-01 1.122488658385053552e-02 5.878855944792276134e-01 1.122997541638540486e+00
3.526416561926013493e+00 0.000000000000000000e+00 0.000000000000000000e+00 5.000000000000000000e-01 1.128305039244783051e-02 3.416922722550748137e-01 3.140730419829191877e-01
3.522872859966410974e+00 1.000000000000000000e+00 8.057606609533624065e-02 4.226701851183637393e-01 1.127600817052425500e-02 3.545234482353425420e-01 1.034112329811899045e+00
3.511212200886212109e+00 2.000000000000000000e+00 1.622242749478841617e-01 3.509340827432991805e-01 1.125635650147172040e-02 2.128315136917039441e-01 2.396523289519471689e+00
3.484236080375301192e+00 3.000000000000000000e+00 2.471189826207410567e-01 2.834149131650139930e-01 1.123976526805754196e-02 2.409497145399941420e-02 1.885773165086535696e+00
3.463040432650926537e+00 4.000000000000000000e+00 3.335376518788435440e-01 2.220860307315827842e-01 1.115087794806408211e-02 8.348768354024289629e-01 3.321556618939108141e+00
3.426002160195551927e+00 3.000000000000000000e+00 2.555912546124888829e-01 2.770721901047041857e-01 1.141761789801655491e-02 7.933415655965947444e-02 6.554526102790628528e+00
3.351165085651313102e+00 4.000000000000000000e+00 3.561790293341158264e-01 2.072527211345806530e-01 1.147057318605397905e-02 6.434649865933423918e-01 1.588743350380651675e-01
3.349342705963873179e+00 3.000000000000000000e+00 2.674250469695471089e-01 2.683330309037851302e-01 1.165921792631155647e-02 8.852532772252583726e-01 2.495272772759484781e+00
3.320249776920678464e+00 2.000000000000000000e+00 1.814213871669076439e-01 3.350354726938748473e-01 1.188339377716361896e-02 8.208565369113661747e-01 8.663737170415930500e-01
3.309954316882888214e+00 1.000000000000000000e+00 9.127587404855458386e-02 4.128897685431092146e-01 1.199578970548109344e-02 8.631590306573335702e-01 2.241942165614153826e+00
3.283060450132329944e+00 0.000000000000000000e+00 0.000000000000000000e+00 5.000000000000000000e-01 1.211940394559901484e-02 4.226983270670935378e-01 9.244614798926813481e-01
3.271856528025364419e+00 1.000000000000000000e+00 9.341389848652832673e-02 4.109491797286973780e-01 1.213425893019300615e-02 9.279535086363781549e-01 1.191015082235568290e+00
3.257404442627752861e+00 0.000000000000000000e+00 0.000000000000000000e+00 5.000000000000000000e-01 1.221485893869420948e-02 8.026393885292786301e-01 3.209514358510414667e+00
3.218200677476834581e+00 -1.000000000000000000e+00 -9.655477499768649885e-02 5.918933627102596073e-01 1.233470783363237351e-02 9.744670542817747139e-01 3.766696249207111435e+00
3.171739579744826010e+00 -2.000000000000000000e+00 -1.988085016489586909e-01 6.790460914850067198e-01 1.241829819629487394e-02 3.729377317215502030e-01 2.443475657009538171e+00
3.141395770400694065e+00 -1.000000000000000000e+00 -1.013338844061631439e-01 5.961996063417422942e-01 1.263325847334633226e-02 5.597966733888150026e-01 2.253562225646883466e+00
3.112925936318327480e+00 0.000000000000000000e+00 0.000000000000000000e+00 5.000000000000000000e-01 1.278178041718273754e-02 9.225118953839283042e-01 2.865302107320375935e+00
3.076302273953667399e+00 -1.000000000000000000e+00 -1.056676349065244214e-01 6.000848103731551975e-01 1.289764172925348187e-02 4.046213697415328436e-01 2.785886509937544719e+00
3.040370907850132642e+00 0.000000000000000000e+00 0.000000000000000000e+00 5.000000000000000000e-01 1.308680321543687249e-02 6.374353426325231053e-01 3.425973167872125025e+00
2.995535871180823317e+00 -1.000000000000000000e+00 -1.114425268776786104e-01 6.052328084792375495e-01 1.324117817668969341e-02 7.949803275148253912e-01 1.399424370628487901e+00
2.977005843744529479e+00 -2.000000000000000000e+00 -2.256683332902128247e-01 7.002052349652214680e-01 1.319071607989615903e-02 5.942325318010219792e-01 2.637581908612635750e+00
2.942214249650549451e+00 -1.000000000000000000e+00 -1.155184654195959143e-01 6.088462074931467738e-01 1.347797914086128722e-02 1.971381099373605839e-01 3.744554326958852819e+00
2.891745224539976178e+00 0.000000000000000000e+00 0.000000000000000000e+00 5.000000000000000000e-01 1.375941954890009394e-02 5.969380084877893289e-01 2.396554313646759304e+00
2.858770028266784280e+00 -1.000000000000000000e+00 -1.223605891811850449e-01 6.148745322888016229e-01 1.386564136556232493e-02 4.224922198078943092e-01 1.415867104814459543e+00
2.839138122770129780e+00 0.000000000000000000e+00 0.000000000000000000e+00 5.000000000000000000e-01 1.401437128185655488e-02 6.356969260833773561e-01 3.978553168501382853e+00
2.783381201502144631e+00 -1.000000000000000000e+00 -1.290787111963150602e-01 6.207480543542641671e-01 1.423506323406202936e-02 2.808082830669001995e-01 5.633010408177970829e-01
2.775362575566290513e+00 0.000000000000000000e+00 0.000000000000000000e+00 5.000000000000000000e-01 1.433640999675700467e-02 9.222659758002443864e-01 9.381870616351333236e-01
2.761912341197036547e+00 -1.000000000000000000e+00 -1.310932162907783860e-01 6.225005006120479800e-01 1.434379493864783653e-02 1.001547558429827234e-02 6.505816611371840530e+00
2.668594241815070323e+00 0.000000000000000000e+00 0.000000000000000000e+00 5.000000000000000000e-01 1.490999836150104854e-02 8.872851669613687209e-01 5.110340803828144374e+00
2.592399068803280748e+00 -1.000000000000000000e+00 -1.487977233544342526e-01 6.377273421167028999e-01 1.526232038133062442e-02 2.146149843361211396e-01 1.736247323739266379e+00
2.565899905887144339e+00 0.000000000000000000e+00 0.000000000000000000e+00 5.000000000000000000e-01 1.550673729777355715e-02 7.118001775683269194e-01 1.298494414037917100e+00
2.545764494126031785e+00 -1.000000000000000000e+00 -1.542991557631256394e-01 6.423950410285189649e-01 1.553523476915869873e-02 4.273971402497693806e-01 1.887318253268198465e+00
2.516444561977391636e+00 0.000000000000000000e+00 0.000000000000000000e+00 5.000000000000000000e-01 1.581148910417812942e-02 5.419313944424980489e-01 5.107273114432330452e+00
2.435690968776483167e+00 -1.000000000000000000e+00 -1.685604291715167846e-01 6.543541200302738226e-01 1.621799437003604294e-02 6.473156432658546677e-01 1.670212990462673908e+00
2.408603463900398367e+00 0.000000000000000000e+00 0.000000000000000000e+00 5.000000000000000000e-01 1.651942146946077522e-02 1.800759802396203479e-01 4.319858529952847803e+00
2.337241900155662133e+00 1.000000000000000000e+00 1.830596692014196947e-01 3.336957520426468982e-01 1.687873738502992244e-02 4.911703976030057373e-01 2.855783097373370882e+00
2.289039887226489878e+00 0.000000000000000000e+00 0.000000000000000000e+00 5.000000000000000000e-01 1.738228153865145967e-02 4.436919521278324119e-01 8.604535417293324162e-01
2.274083241513221054e+00 1.000000000000000000e+00 1.933691928887864564e-01 3.253266294904438860e-01 1.732991688590319532e-02 3.603325830646169070e-01 2.196796253953650080e+00
2.236012945016940812e+00 0.000000000000000000e+00 0.000000000000000000e+00 5.000000000000000000e-01 1.779450153079161975e-02 5.055861309770584011e-01 3.221931923146090782e+00
2.178680272478411339e+00 -1.000000000000000000e+00 -2.106749977980827693e-01 6.884830204494716277e-01 1.805550026376943895e-02 5.011437601084434146e-01 2.665476106280513680e+00
2.130553767938392351e+00 0.000000000000000000e+00 0.000000000000000000e+00 5.000000000000000000e-01 1.867530234239287920e-02 2.666110650718730435e-01 1.408295833449211831e-01
2.127923732890672603e+00 1.000000000000000000e+00 2.208451587735688615e-01 3.035411333032925763e-01 1.846465682457846397e-02 7.578140667322020851e-01 2.866542522782534519e+00
2.074994008934431644e+00 0.000000000000000000e+00 0.000000000000000000e+00 5.000000000000000000e-01 1.917534971265121013e-02 9.014288101473820758e-01 2.644450238463958769e+00
2.024285750814181384e+00 -1.000000000000000000e+00 -2.440373856900398541e-01 7.142602628828251810e-01 1.935399367748300015e-02 8.793209445640021160e-01 4.312913582184465966e+00
1.940813648613052722e+00 -2.000000000000000000e+00 -5.309606304641039110e-01 8.900010349126845632e-01 1.880757682749579704e-02 1.294534064467823820e-01 1.410720094296983751e+00
1.914281422057469983e+00 -1.000000000000000000e+00 -2.728905086723096285e-01 7.356558938105937084e-01 2.038312636542470233e-02 3.587374459009854410e-01 2.381892033604449121e+00
1.865731015747712052e+00 0.000000000000000000e+00 0.000000000000000000e+00 5.000000000000000000e-01 2.132608368362685219e-02 6.916967979369409436e-01 3.311785573203413158e+00
1.795103599471348010e+00 -1.000000000000000000e+00 -3.103280014359445227e-01 7.621762671983307591e-01 2.160414721796260692e-02 2.444313973468936751e-01 7.522096574430675586e-01
1.778852751293174661e+00 0.000000000000000000e+00 0.000000000000000000e+00 5.000000000000000000e-01 2.236763877395055514e-02 3.949518448438567031e-01 3.549984925478929743e+00
1.699447970827092202e+00 1.000000000000000000e+00 3.462455925806072754e-01 2.136974126101406357e-01 2.266552092147379807e-02 1.150036365662611137e-01 2.622143741783093507e+00
1.640015716988595829e+00 2.000000000000000000e+00 7.435907445094180890e-01 3.287285315061727609e-02 1.944329633796004070e-02 3.811722826662182761e-01 6.607496453903604738e+00
1.511544205383327899e+00 1.000000000000000000e+00 4.376816052097687870e-01 1.581009885597311482e-01 2.492511009386211979e-02 9.873070069369408452e-01 1.369055607285260434e+00
1.477420343647123602e+00 0.000000000000000000e+00 0.000000000000000000e+00 5.000000000000000000e-01 2.693122234580332119e-02 1.816061355875577821e-01 7.766143619682193133e-01
1.456505169588013349e+00 1.000000000000000000e+00 4.713851959217247312e-01 1.397168055453567037e-01 2.560401567359162425e-02 5.960514361053462773e-01 6.479542643643026345e+00
1.290602858182472001e+00 0.000000000000000000e+00 0.000000000000000000e+00 5.000000000000000000e-01 3.082957357541223076e-02 5.655344183855405271e-01 3.520706414013978769e+00
1.182060980754202184e+00 -1.000000000000000000e+00 -7.156822341175012037e-01 9.595817040017923238e-01 2.768369394942497841e-02 9.809265672960169047e-01 6.576266637043397978e+00
1.000005627844478440e+00 -2.000000000000000000e+00 -1.000000000000000000e+00 1.000000000000000000e+00 0.000000000000000000e+00 6.095246428071992018e-01 4.699509501795980704e+00
