5.000000000000000000e+00 0.000000000000000000e+00 0.000000000000000000e+00 5.000000000000000000e-01 7.957747154594766933e-03 5.851638448979483709e-01 6.972694115075555032e-01
4.994451306324589446e+00 -1.000000000000000000e+00 -4.008892710018399641e-02 5.392853660621620415e-01 7.963384591372878185e-03 1.628084844316363133e-01 6.983374720011393810e-01
4.988890176460476944e+00 0.000000000000000000e+00 0.000000000000000000e+00 5.000000000000000000e-01 7.975468363828203122e-03 8.699529704723607537e-01 2.370201580172742073e+00
4.969986708741913617e+00 -1.000000000000000000e+00 -4.048457135635782911e-02 5.396650710974038034e-01 8.002520185618752085e-03 3.228252209336366363e-01 1.083685945936982087e+00
4.961314490084681950e+00 0.000000000000000000e+00 0.000000000000000000e+00 5.000000000000000000e-01 8.019797142973433823e-03 2.945657196423561164e-01 1.196472210636888800e+00
4.951719025668168683e+00 1.000000000000000000e+00 4.078383045864162476e-02 4.600478299547979821e-01 8.031993825607803769e-03 7.670675794076105003e-01 2.167710487961590271e+00
4.934307988413156210e+00 0.000000000000000000e+00 0.000000000000000000e+00 5.000000000000000000e-01 8.063691173393830111e-03 7.506916805711687513e-01 3.129974468514818753e+00
4.909068840918445531e+00 -1.000000000000000000e+00 -4.149557197753914878e-02 5.406346307306675314e-01 8.101657242527166708e-03 6.634110912744264343e-01 1.602225462832703728e+00
4.896088159393325867e+00 -2.000000000000000000e+00 -8.343178539675898120e-02 5.799513539895135850e-01 8.112446397006759652e-03 2.959816817010262335e-01 6.146911905456320824e+00
4.846221666053188493e+00 -1.000000000000000000e+00 -4.257880320746805503e-02 5.416723259661778700e-01 8.206534565695226477e-03 6.065515558034363375e-01 1.672762023212693183e+00
4.832494086689511192e+00 -2.000000000000000000e+00 -8.564210496547240703e-02 5.819748198940138950e-01 8.218428817576095211e-03 8.902446999870207156e-01 4.626684989943087523e+00
4.794470005438316029e+00 -3.000000000000000000e+00 -1.305088740112390344e-01 6.219925909133983133e-01 8.263238946790192260e-03 8.213362437207679667e-01 6.105080869240514296e+00
4.744022263426304065e+00 -4.000000000000000000e+00 -1.777323791152410348e-01 6.619379798222591038e-01 8.319828803405891759e-03 2.424743227665511203e-01 6.438940406517366988e+00
4.690451381568746747e+00 -3.000000000000000000e+00 -1.363615651376989535e-01 6.270643269142974763e-01 8.443117726421948618e-03 4.386061083703571839e-01 3.397462239960570063e+00
4.661766207905686521e+00 -2.000000000000000000e+00 -9.202991412573305330e-02 5.877951615787381234e-01 8.516971381468060182e-03 9.686262810553797342e-01 5.610885417625492977e+00
4.613978457379073639e+00 -3.000000000000000000e+00 -1.409191872649862010e-01 6.309900785952740065e-01 8.580277689131204227e-03 1.286408483397272207e-01 9.643043616133930573e-01
4.605704458179590510e+00 -2.000000000000000000e+00 -9.428397038903980898e-02 5.898392368528790897e-01 8.619727067973122561e-03 6.819502746176401287e-01 5.326761241320798757e-01
4.601112935373945945e+00 -3.000000000000000000e+00 -1.417083587816616863e-01 6.316677293073655886e-01 8.603777647991138131e-03 5.639805225208665007e-01 6.938701173509964626e+00
4.541413893311211147e+00 -2.000000000000000000e+00 -9.697232920841639126e-02 5.922705128923636542e-01 8.740615727537863477e-03 9.742523690806708103e-01 6.057914316261904020e+00
4.488463992162415650e+00 -3.000000000000000000e+00 -1.489106515078743032e-01 6.378234604416245235e-01 8.814971719809484157e-03 2.653354740452018579e-02 2.209093059739344334e+00
4.468990899314386311e+00 -2.000000000000000000e+00 -1.001407996759769714e-01 5.951267097961049357e-01 8.880859503902025637e-03 2.603456073496343004e-01 5.432243857719972757e-01
4.464166599865251328e+00 -1.000000000000000000e+00 -5.017867766211830255e-02 5.489197278161589422e-01 8.907297093573331159e-03 1.087215644918906321e-01 4.655801188731385487e+00
4.422695995468608920e+00 0.000000000000000000e+00 0.000000000000000000e+00 5.000000000000000000e-01 8.996488977252890124e-03 9.640543199338671432e-01 1.730071075669465941e+00
4.407131430106484338e+00 -1.000000000000000000e+00 -5.148586284316587075e-02 5.501604658068132148e-01 9.022270713125547098e-03 3.615375884652949345e-01 1.152715681484246524e+00
4.396731317172868359e+00 0.000000000000000000e+00 0.000000000000000000e+00 5.000000000000000000e-01 9.049617295822908955e-03 7.359271861168202866e-01 5.348551404751320071e+00
4.348328973872832570e+00 -1.000000000000000000e+00 -5.288776487256491299e-02 5.514892070359570519e-01 9.143943249680243357e-03 6.536465315298282119e-01 3.994092218411186668e+00
4.311807221293690873e+00 -2.000000000000000000e+00 -1.075749925329204243e-01 6.017888030236915320e-01 9.201003253171384164e-03 2.382574101448998727e-01 5.081131376761528706e+00
4.265055714966316636e+00 -1.000000000000000000e+00 -5.497314485751428337e-02 5.534621215297517161e-01 9.321948426339231319e-03 6.790915014992808807e-01 3.724302177467972985e+00
4.230337962143857489e+00 -2.000000000000000000e+00 -1.117583204704086369e-01 6.055133593732253683e-01 9.376015484618699034e-03 7.136587531938787254e-01 1.302083249051942504e+00
4.218129609438483918e+00 -3.000000000000000000e+00 -1.686092569865032809e-01 6.543947162157328634e-01 9.364779542485546227e-03 5.246057050664807431e-01 3.935220505022351656e+00
4.181277136957881169e+00 -2.000000000000000000e+00 -1.143963290247906606e-01 6.078530689776165952e-01 9.484590869695446944e-03 9.118360368217642842e-01 3.229561347864887022e+00
4.150646068884800144e+00 -3.000000000000000000e+00 -1.741365157545591014e-01 6.589747526949901735e-01 9.512360141119306431e-03 1.498563210446589578e-01 3.187225268245080123e+00
4.120328034282377594e+00 -2.000000000000000000e+00 -1.178057285174261282e-01 6.108666336816653830e-01 9.622952399081025759e-03 1.578015148010738500e-01 5.647639612841947709e+00
4.065981067120834958e+00 -1.000000000000000000e+00 -6.048800986645701261e-02 5.586586101976547258e-01 9.776797686348450561e-03 3.376792141766105093e-02 4.004721906503466045e+00
4.026827711250862585e+00 0.000000000000000000e+00 0.000000000000000000e+00 5.000000000000000000e-01 9.880913370543526267e-03 9.790028467998357353e-02 1.383717352206060403e+00
4.013155319964396561e+00 1.000000000000000000e+00 6.209091546971045456e-02 4.398367254222229072e-01 9.905002249996247218e-03 3.371205008101523237e-01 8.428135422067889460e-01
4.004807249932510693e+00 2.000000000000000000e+00 1.247000876450659046e-01 3.830749682842776727e-01 9.896316855038965465e-03 6.156468709754969737e-02 2.454131050856366958e+00
3.980520391449446471e+00 3.000000000000000000e+00 1.893396406728538039e-01 3.285851090922088935e-01 9.904633420709614208e-03 9.321333237523690141e-01 3.466667865252601288e+00
3.946184317052765511e+00 2.000000000000000000e+00 1.284325966247321371e-01 3.798148693131534470e-01 1.004091221424803504e-02 1.784770462537831337e-01 2.617917070686085701e+00
3.919898041561824975e+00 3.000000000000000000e+00 1.952413099309364963e-01 3.238182746208375096e-01 1.005183121525080048e-02 7.596450470103013330e-01 2.693381979373667523e+00
3.892824620506962763e+00 2.000000000000000000e+00 1.319776281135879026e-01 3.767314190476563351e-01 1.017614536455172317e-02 4.023554809970046886e-01 6.016075412242809506e+00
3.831604162587874285e+00 1.000000000000000000e+00 6.811436734704771900e-02 4.342054161724965278e-01 1.037228170992962606e-02 5.279206548143419164e-01 2.083260020422755154e+00
3.809996002781015800e+00 0.000000000000000000e+00 0.000000000000000000e+00 5.000000000000000000e-01 1.044324869210649931e-02 6.397756793099518280e-02 2.023381121533867510e+00
3.788865330529924247e+00 1.000000000000000000e+00 6.965970991364367482e-02 4.327665276789828264e-01 1.048872059990155550e-02 9.108408350451239199e-01 1.357112763156712143e+00
3.774630953934613231e+00 0.000000000000000000e+00 0.000000000000000000e+00 5.000000000000000000e-01 1.054109295943189174e-02 6.972256152936109341e-01 5.008832354003827092e+00
3.721832386472848864e+00 -1.000000000000000000e+00 -7.219155201474898587e-02 5.695857419235998975e-01 1.067666546282927502e-02 9.574192474670117914e-01 5.580686204858540833e+00
3.662249266810547965e+00 -2.000000000000000000e+00 -1.491194160104178379e-01 6.380011158947738181e-01 1.080348369101168278e-02 3.536255141443931382e-01 3.867763388713833184e+00
3.620463948119886144e+00 -1.000000000000000000e+00 -7.629069048108409745e-02 5.733805557540437858e-01 1.097391714237536120e-02 2.594706172441010317e-01 9.155870796988805349e-01
3.610416371370641198e+00 0.000000000000000000e+00 0.000000000000000000e+00 5.000000000000000000e-01 1.102053937282270434e-02 2.785175341617917022e-01 8.692614591125595425e+00
3.514619070016368418e+00 1.000000000000000000e+00 8.095496282800597465e-02 4.223218901752359145e-01 1.130231457872706707e-02 8.232610230961299180e-01 8.748137660430779228e-01
3.504731649634748702e+00 0.000000000000000000e+00 0.000000000000000000e+00 5.000000000000000000e-01 1.135286228750794109e-02 1.046536365294563620e-01 2.784451321603758522e+00
3.473120157234311556e+00 1.000000000000000000e+00 8.290111712205885941e-02 4.205351804879837729e-01 1.143644189562000209e-02 2.771027369004808172e-02 1.411578834973437724e+00
3.456976717907050745e+00 2.000000000000000000e+00 1.673543812112523732e-01 3.466493632440482142e-01 1.142795347219126290e-02 4.186298744266269134e-01 2.638138263015751495e+00
3.426828196584099206e+00 1.000000000000000000e+00 8.515601633385259939e-02 4.184697572250730691e-01 1.158982542868880472e-02 2.647891152899177758e-01 6.159200337735178721e+00
3.355444139889427468e+00 2.000000000000000000e+00 1.776355844254028926e-01 3.381416160016743611e-01 1.176291564344826741e-02 4.627648827058339354e-01 3.688291691520387605e+00
3.312059075853642121e+00 1.000000000000000000e+00 9.115990228128323380e-02 4.129951616106833368e-01 1.198823065415899683e-02 7.775967594139927552e-01 4.644651235158256952e+00
3.256377925538440632e+00 0.000000000000000000e+00 0.000000000000000000e+00 5.000000000000000000e-01 1.221870946272146478e-02 7.893797467605906393e-01 1.759518648782933958e+00
3.234878878374721545e+00 -1.000000000000000000e+00 -9.556171856789361096e-02 5.909956975400689760e-01 1.227170537512955496e-02 7.730675357654874791e-01 6.141119048842499373e-01
3.227342678010622468e+00 -2.000000000000000000e+00 -1.920170678046611290e-01 6.735817906405112687e-01 1.221285134147849158e-02 7.571456856689910975e-01 5.981280767865370329e+00
3.154294185161038211e+00 -3.000000000000000000e+00 -3.015205134785632901e-01 7.560632034543750546e-01 1.231362216691149307e-02 7.107358254495418359e-01 2.601983134031424338e+00
3.122254347963898891e+00 -2.000000000000000000e+00 -2.051603529479278654e-01 6.841149677370687021e-01 1.260659655492955659e-02 7.869738293060329903e-01 9.294679158259204765e-01
3.110536920938330230e+00 -3.000000000000000000e+00 -3.100634203387823695e-01 7.619937580226900931e-01 1.246842229102940180e-02 9.998468076084074951e-01 1.480003463856190304e+00
3.092083612758785183e+00 -4.000000000000000000e+00 -4.183671080853644253e-01 8.308515895215089486e-01 1.224943517042284720e-02 3.596833508511144695e-01 2.536337189678372184e+00
3.061014914783487306e+00 -3.000000000000000000e+00 -3.201771712406514259e-01 7.689204607488187015e-01 1.264715797745920994e-02 9.398695856159244855e-01 4.385502296468113848e+00
3.005550774429544880e+00 -4.000000000000000000e+00 -4.428043239113746421e-01 8.447664892740698317e-01 1.251681180039226557e-02 9.606243599415610346e-01 3.941766937281939942e+00
2.956212419514578027e+00 -5.000000000000000000e+00 -5.721352814748231763e-01 9.084658913206855591e-01 1.212951129830095766e-02 1.337523465941755640e-01 1.888240526499323169e+00
2.933308984714494638e+00 -4.000000000000000000e+00 -4.648837507148546599e-01 8.568252998754990468e-01 1.273975227465957982e-02 9.048648833008435810e-01 4.778742231140729935e+00
2.872428992505307921e+00 -5.000000000000000000e+00 -6.059982934975405300e-01 9.223813276365748770e-01 1.227397554337209158e-02 9.632705127181020455e-01 1.750832938326434496e+00
2.850939311839758794e+00 -6.000000000000000000e+00 -7.382021492362536019e-01 9.657309426677416209e-01 1.124422575377193728e-02 9.917448620944909754e-01 3.471882273429784949e+00
2.811900683766795250e+00 -7.000000000000000000e+00 -8.853155355628721246e-01 9.934237368083845832e-01 8.982548960341897940e-03 9.983684456034556121e-01 7.658556913778920006e-01
2.805021347522437036e+00 -8.000000000000000000e+00 -1.000000000000000000e+00 1.000000000000000000e+00 0.000000000000000000e+00 8.906364358882576937e-01 2.690365419282583659e+00
