5.000000000000000000e+00 0.000000000000000000e+00 0.000000000000000000e+00 5.000000000000000000e-01 7.957747154594766933e-03 1.309681426917411740e-01 3.791291978590220157e+00
4.969829857045136023e+00 1.000000000000000000e+00 4.048712684582118915e-02 4.603324768742936279e-01 8.002772336543895193e-03 9.557435261282983818e-01 1.086163883984509804e+00
4.961137534761431489e+00 0.000000000000000000e+00 0.000000000000000000e+00 5.000000000000000000e-01 8.020083195473672738e-03 3.119704208250558830e-01 2.080441674169904775e+00
4.944452219451258124e+00 1.000000000000000000e+00 4.090379763157590137e-02 4.599327626987665396e-01 8.043778609130086341e-03 2.789034779033368050e-01 5.164125744832408493e+00
4.902913135250117627e+00 2.000000000000000000e+00 8.319966886438454057e-02 4.202614235851870883e-01 8.101232691033535827e-03 7.976335609191030906e-01 8.561925763253988020e-01
4.895976919960969731e+00 1.000000000000000000e+00 4.171778833841895129e-02 4.591523985935055951e-01 8.123283570015762262e-03 8.287146133447200747e-01 1.066606151380715017e+00
4.887312575735781373e+00 0.000000000000000000e+00 0.000000000000000000e+00 5.000000000000000000e-01 8.141230002458697476e-03 8.166591387111284961e-01 1.119500494692920345e+00
4.878198464720619576e+00 -1.000000000000000000e+00 -4.202242102195310330e-02 5.411394790876800087e-01 8.152836536360638306e-03 4.464800158548842823e-01 2.057776083532820710e+00
4.861421752683144248e+00 0.000000000000000000e+00 0.000000000000000000e+00 5.000000000000000000e-01 8.184588335914982915e-03 7.594423071564264660e-01 4.615078660711549929e+00
4.823649233707354433e+00 -1.000000000000000000e+00 -4.297823354540145080e-02 5.420546692660599408e-01 8.244866724260759006e-03 4.169160423494682188e-01 2.645967801095494565e+00
4.801833581830636355e+00 0.000000000000000000e+00 0.000000000000000000e+00 5.000000000000000000e-01 8.286154672983252895e-03 7.329758856423036484e-01 4.623374473441253407e+00
4.763523585832579954e+00 -1.000000000000000000e+00 -4.407003142593576145e-02 5.430989475909943076e-01 8.348735379189606287e-03 4.767148122746586170e-01 5.283559380625967528e+00
4.719412546703498634e+00 0.000000000000000000e+00 0.000000000000000000e+00 5.000000000000000000e-01 8.430866210407098396e-03 4.223690629522076634e-01 9.478675406153402871e-01
4.711421202283383458e+00 1.000000000000000000e+00 4.505013906856703693e-02 4.559646184464815621e-01 8.440877092982995711e-03 5.516416894694851081e-01 3.898907522505179468e-01
4.708130182363945870e+00 0.000000000000000000e+00 0.000000000000000000e+00 5.000000000000000000e-01 8.451069582149056680e-03 8.015149515060808749e-01 2.382354903159283666e+00
4.687996735307972784e+00 -1.000000000000000000e+00 -4.550146700111514647e-02 5.444662752514883852e-01 8.482966645665290101e-03 5.279702600915997524e-01 1.309431158324511513e+00
4.676888874467111101e+00 0.000000000000000000e+00 0.000000000000000000e+00 5.000000000000000000e-01 8.507522167181575876e-03 8.599461708236879609e-01 2.287170790124283926e+00
4.657430718269998771e+00 -1.000000000000000000e+00 -4.610066535790924985e-02 5.450380296846882855e-01 8.538521605370604645e-03 7.197745084376124813e-01 7.356524385935061972e+00
4.594616875860256577e+00 -2.000000000000000000e+00 -9.473956555689810877e-02 5.902517729159432180e-01 8.640339794954004018e-03 2.702768054781814477e-01 2.930817483756260611e-01
4.592084549966592100e+00 -1.000000000000000000e+00 -4.742204174766753016e-02 5.462976167259088189e-01 8.659757987193799494e-03 3.602088369212143038e-01 8.752721223599970735e-01
4.584504905214017434e+00 0.000000000000000000e+00 0.000000000000000000e+00 5.000000000000000000e-01 8.678960235754483096e-03 6.084401397825573987e-01 2.826951143457493210e+00
4.559969908651528847e+00 -1.000000000000000000e+00 -4.809235524827334268e-02 5.469359179316102271e-01 8.720606349597009865e-03 4.252996813039471302e-01 2.982122569303038873e+00
4.533963991638388258e+00 0.000000000000000000e+00 0.000000000000000000e+00 5.000000000000000000e-01 8.775706169337225970e-03 6.300820736897519980e-01 1.008841782255907704e+00
4.525110692585959882e+00 -1.000000000000000000e+00 -4.883616870768555523e-02 5.476436830206627970e-01 8.787626732910077884e-03 6.729543117392257079e-01 5.978831475583175070e+00
4.472570953279561223e+00 -2.000000000000000000e+00 -9.998054912350179402e-02 5.949824940219833325e-01 8.873822895500210403e-03 7.568510655939241216e-01 1.827790414981994349e+00
4.456351464846918020e+00 -3.000000000000000000e+00 -1.510644881653496474e-01 6.396542483730200956e-01 8.877017200134741312e-03 9.757143173521853896e-01 1.531811617213944432e+00
4.442753546773543505e+00 -4.000000000000000000e+00 -2.026541710266885898e-01 6.821198145094313769e-01 8.861983216909511546e-03 2.665486786460316004e-01 5.302759681506434397e+00
4.395760579472729468e+00 -3.000000000000000000e+00 -1.552577166223847172e-01 6.432052373369863130e-01 8.996401058273052406e-03 7.952991772242734569e-02 3.648315044629449222e+00
4.362938874144311363e+00 -2.000000000000000000e+00 -1.050683080565131128e-01 5.995486333775839061e-01 9.094400849158896724e-03 7.086128690017401421e-01 6.047167909230903859e+00
4.307943505175595433e+00 -3.000000000000000000e+00 -1.616520647571561276e-01 6.485863697370302106e-01 9.174992491138936682e-03 1.046802737770736735e-01 3.711519525631057914e-01
4.304538188797756959e+00 -2.000000000000000000e+00 -1.079386210252226974e-01 6.021132480708093482e-01 9.216357678593209077e-03 3.497558034768468715e-01 2.865194895313592394e+00
4.278131527823667568e+00 -1.000000000000000000e+00 -5.463761518055422484e-02 5.531449806842450023e-01 9.293542306476693104e-03 5.827616754093701834e-01 1.635123661895653058e+00
4.262935436895519459e+00 -2.000000000000000000e+00 -1.100556860142342663e-01 6.039995590022023686e-01 9.305211939349813943e-03 3.083889078043176024e-01 1.605660636192695945e+00
4.247994424373074729e+00 -1.000000000000000000e+00 -5.541561072857404541e-02 5.538801657723636529e-01 9.359273600979692645e-03 6.815694820318621838e-01 3.181646296389993189e+00
4.218216526183616644e+00 -2.000000000000000000e+00 -1.124015390927618069e-01 6.060844860975509452e-01 9.402614004726556063e-03 3.238257039741045951e-01 1.511505570198385717e+00
4.204004422741046909e+00 -1.000000000000000000e+00 -5.658139771397233814e-02 5.549806704303389404e-01 9.456897576588563920e-03 2.223479314079558344e-01 2.864307328233997030e+00
4.176916961710065657e+00 0.000000000000000000e+00 0.000000000000000000e+00 5.000000000000000000e-01 9.525862289750665693e-03 3.705971122584178490e-01 2.965196932912467442e+00
4.148670904065150822e+00 1.000000000000000000e+00 5.810078885179657815e-02 4.435870619808039428e-01 9.582611195522732980e-03 9.957695325492637028e-01 1.624625649699913188e+00
4.133102748125803139e+00 0.000000000000000000e+00 0.000000000000000000e+00 5.000000000000000000e-01 9.626844092133067521e-03 2.876956019186338587e-01 5.468092918038548689e+00
4.080462270122549029e+00 1.000000000000000000e+00 6.005943840738079548e-02 4.417441296635241654e-01 9.742227089691002026e-03 8.340893972791920685e-01 2.671712384332660672e+00
4.054433841356040347e+00 0.000000000000000000e+00 0.000000000000000000e+00 5.000000000000000000e-01 9.813635474112496898e-03 3.253229911862598467e-02 3.461698896498445421e+00
4.020461990264666774e+00 1.000000000000000000e+00 6.186543611005695942e-02 4.400482299824868271e-01 9.887070605742597981e-03 3.813744393776004049e-01 1.552272523020288952e+00
4.005114562230210673e+00 2.000000000000000000e+00 1.246809519126695909e-01 3.830917179722551080e-01 9.895569550054064689e-03 3.096673507881901877e-01 3.870525696094338830e+00
3.966813506009237766e+00 3.000000000000000000e+00 1.906503857186915840e-01 3.275233990686513552e-01 9.937562160853520218e-03 4.117293931721702771e-01 1.745475809384037680e+00
3.949467731653217850e+00 2.000000000000000000e+00 1.282191389128753967e-01 3.800009348789042396e-01 1.003270492763265465e-02 4.632527065896402396e-01 7.166555366553652995e-01
3.942277738119200237e+00 1.000000000000000000e+00 6.434363096218306821e-02 4.377264204605157416e-01 1.008236115716879162e-02 8.103012412827651501e-01 2.151507199523035041e+00
3.920585465501360112e+00 0.000000000000000000e+00 0.000000000000000000e+00 5.000000000000000000e-01 1.014867195807596031e-02 3.950304064565737239e-01 3.242426506734734648e-01
3.917294833204858051e+00 1.000000000000000000e+00 6.516696279828007587e-02 4.369564037218961472e-01 1.014639042870167825e-02 4.259638026146953527e-01 2.748605254982620760e+00
3.889406411153423448e+00 2.000000000000000000e+00 1.322097074346882950e-01 3.765299959352946257e-01 1.018492909323753456e-02 7.780684452330953738e-01 7.483518876649818408e-01
3.881784500240764935e+00 1.000000000000000000e+00 6.636470325704993400e-02 4.358374336621482215e-01 1.023880354672620195e-02 7.514735822608282767e-01 1.991761354449441024e+00
3.861391247020595774e+00 0.000000000000000000e+00 0.000000000000000000e+00 5.000000000000000000e-01 1.030424870923772780e-02 2.306571390902126817e-01 6.422161764142964024e-01
3.854773691813726977e+00 1.000000000000000000e+00 6.729801077335170745e-02 4.349665003536733465e-01 1.031022457471511902e-02 9.716609957804078768e-02 3.144022057345014165e+00
3.822358118334642008e+00 2.000000000000000000e+00 1.368885893122261665e-01 3.724806536297194937e-01 1.036024680957488807e-02 5.267318816308971252e-01 1.120305256006854933e+00
3.810751479380347195e+00 1.000000000000000000e+00 6.886185954310018731e-02 4.335091183067666387e-01 1.042877099515758695e-02 7.154334728503669583e-01 5.779943036949701352e+00
3.750473777082943272e+00 0.000000000000000000e+00 0.000000000000000000e+00 5.000000000000000000e-01 1.060898919387215714e-02 2.402707566065582778e-01 9.215089798269939791e-01
3.740697498273902522e+00 1.000000000000000000e+00 7.146523424947394398e-02 4.310884056036921597e-01 1.062309972734431021e-02 8.665368304822927970e-01 4.042087116241180667e+00
3.697758003731459020e+00 0.000000000000000000e+00 0.000000000000000000e+00 5.000000000000000000e-01 1.076023247947066087e-02 1.741308475760006136e-02 1.641365831146482490e+00
3.680096525804463337e+00 1.000000000000000000e+00 7.383828142630570468e-02 4.288877644756894369e-01 1.079709572481679820e-02 2.687850854828540692e-01 3.339003065510372181e+00
3.644044990080691271e+00 2.000000000000000000e+00 1.506130263855772755e-01 3.607291154729340144e-01 1.085620374397742310e-02 4.845890857901853366e-01 9.779878486918364144e-01
3.633427754736158644e+00 1.000000000000000000e+00 7.574726237250033190e-02 4.271215615059638648e-01 1.093499050872318024e-02 3.611355098729587265e-01 1.271947440336764545e+00
3.619519021548481597e+00 2.000000000000000000e+00 1.526610584111288693e-01 3.589916409664741792e-01 1.092801863545054750e-02 4.689975339765645179e-01 1.991516078871484074e+00
3.597755696725774666e+00 1.000000000000000000e+00 7.725679028323223507e-02 4.257275155392014065e-01 1.104276954842436584e-02 3.845133537329001872e-01 1.409694563121797861e+00
3.582188764531553993e+00 2.000000000000000000e+00 1.558594218324167169e-01 3.562866578545508811e-01 1.103909355455453926e-02 5.191415989416430232e-01 3.199364207909510149e+00
3.546870683725347639e+00 1.000000000000000000e+00 7.948941312762641820e-02 4.236698702720608223e-01 1.120020660868321742e-02 7.373772055358397415e-01 1.874796573952031364e+00
3.525872574747833443e+00 0.000000000000000000e+00 0.000000000000000000e+00 5.000000000000000000e-01 1.128479119124703098e-02 1.841277057210263246e-01 1.035545672497244940e+00
3.514186658064702762e+00 1.000000000000000000e+00 8.097488666846977545e-02 4.223035794670160215e-01 1.130369610806960037e-02 9.211315765552916535e-01 9.268270921268625395e-01
3.503710086270575008e+00 0.000000000000000000e+00 0.000000000000000000e+00 5.000000000000000000e-01 1.135617239819229109e-02 1.749611330141257470e-01 1.848810230037974511e+00
3.482714678566722011e+00 1.000000000000000000e+00 8.244497816602948392e-02 4.209536090463690261e-01 1.140515256804031964e-02 3.148255030927030740e-01 4.061220710927607169e-01
3.478082794384660392e+00 2.000000000000000000e+00 1.653294281806265420e-01 3.483374817306399418e-01 1.136058653429721302e-02 9.346978661164170310e-01 9.910555132165111969e-01
3.466823822466472027e+00 1.000000000000000000e+00 8.320251529416233804e-02 4.202588139814753543e-01 1.145706775488651574e-02 1.748532057941197815e-01 2.496786183024639172e+00
3.438217973998094035e+00 2.000000000000000000e+00 1.691855170452299106e-01 3.451263525437009427e-01 1.148846906283009298e-02 2.376736332013903441e-01 5.525329045381308646e+00
3.374740402198274314e+00 3.000000000000000000e+00 2.634150066792431688e-01 2.712787261926696836e-01 1.157822042266162636e-02 1.895118328273807107e-01 1.228069474536543026e+00
3.360521543127747979e+00 4.000000000000000000e+00 3.541984233021301942e-01 2.085298382327273048e-01 1.144339702784312809e-02 2.440398052085095415e-01 1.345917728636333077e+00
3.345119672192149451e+00 3.000000000000000000e+00 2.681006926768334520e-01 2.678382980300654803e-01 1.167277842381620086e-02 2.125892269416659319e-01 5.917281191691401432e+00
3.276048559970120788e+00 4.000000000000000000e+00 3.726999463175935667e-01 1.967526786749749790e-01 1.169146890497908646e-02 8.937448686189767288e-01 5.056102070440902096e-01
3.270137233956424971e+00 3.000000000000000000e+00 2.805364503947453958e-01 2.588138996052963270e-01 1.191799402462964674e-02 2.578318698277080046e-01 3.217145955565794413e+00
3.231795307681630369e+00 4.000000000000000000e+00 3.829766528989289043e-01 1.903589054339044351e-01 1.182371816033159391e-02 3.284959619340831471e-01 2.722346649885817094e+00
3.199607048158657374e+00 3.000000000000000000e+00 2.930407148864908051e-01 2.498957154041019924e-01 1.215642143718100206e-02 2.756051950457714117e-01 1.819805777760471921e+00
3.177484722190384137e+00 2.000000000000000000e+00 1.980902287490959868e-01 3.215296406138385965e-01 1.239677388395651718e-02 4.150359291779883719e-01 1.222094434806574759e+00
3.162334693817245412e+00 1.000000000000000000e+00 9.999639297290903450e-02 4.050032463308871900e-01 1.255046493648486611e-02 9.227566416187632514e-01 1.901341109491603509e+00
3.138471978890273739e+00 0.000000000000000000e+00 0.000000000000000000e+00 5.000000000000000000e-01 1.267774128320962694e-02 9.437106671869185393e-01 6.547867751258018565e-01
3.130170761559561754e+00 -1.000000000000000000e+00 -1.020619681849303795e-01 5.968536455100394988e-01 1.267808669310613312e-02 4.402003051017190360e-01 1.510128374617833780e+00
3.111025223108437210e+00 0.000000000000000000e+00 0.000000000000000000e+00 5.000000000000000000e-01 1.278958957883928604e-02 7.335184476622074179e-01 3.573014121036903745e+00
3.065327838940977934e+00 -1.000000000000000000e+00 -1.064256082912241608e-01 6.007624032411456039e-01 1.294329003944747272e-02 8.286038179344841215e-01 7.502949122314152008e-01
3.055616554276844976e+00 -2.000000000000000000e+00 -2.142063234526789539e-01 6.912641489491220259e-01 1.286860882726118677e-02 4.192029147560354385e-01 2.279407157598211775e+00
3.026283755207654469e+00 -1.000000000000000000e+00 -1.091894571377079876e-01 6.032282883626942649e-01 1.310829817292387574e-02 6.740066127492995163e-01 4.250752512587290255e+00
2.970563623813355036e+00 -2.000000000000000000e+00 -2.266482021920258050e-01 7.009634984135870717e-01 1.321775874029763875e-02 1.898145796945222008e-01 2.171723792961588018e+00
2.941858302667424763e+00 -1.000000000000000000e+00 -1.155464211758369941e-01 6.088709334525650441e-01 1.347958775767310602e-02 9.087998178838269103e-01 2.009051280442138765e+00
2.914777119623039425e+00 -2.000000000000000000e+00 -2.354069563136765020e-01 7.076987387732418533e-01 1.345614860305932928e-02 9.625587728107295460e-01 8.401839831402035941e-01
2.903471479091994656e+00 -3.000000000000000000e+00 -3.558656962572137039e-01 7.925454993708980211e-01 1.324012415908793795e-02 2.102176107732849353e-01 3.749198606252315713e+00
2.853831624048134508e+00 -2.000000000000000000e+00 -2.455688651983877480e-01 7.154168314209757851e-01 1.372543533580470980e-02 5.313582862045911348e-01 8.346189293294140610e-01
2.842376115903585188e+00 -1.000000000000000000e+00 -1.237761327865821576e-01 6.161158672627813360e-01 1.394437587495970382e-02 8.694465421674891781e-01 5.165248159842437126e+00
2.770349954075298271e+00 -2.000000000000000000e+00 -2.605917901843136653e-01 7.266377496285809645e-01 1.410987213701267624e-02 8.096591077911399204e-01 2.446128962060488465e+00
2.735835387189981205e+00 -3.000000000000000000e+00 -4.008125664715783132e-01 8.204872097508115747e-01 1.390720154791900628e-02 9.507948178317235932e-01 1.649765937645088165e+00
2.712891759788259360e+00 -4.000000000000000000e+00 -5.434943810659841334e-01 8.958013099408355107e-01 1.338609966330678823e-02 9.687534465036775622e-01 2.012934894484877280e+00
2.685946412674936834e+00 -5.000000000000000000e+00 -6.930671533126293582e-01 9.528961138121935237e-01 1.241088468551759805e-02 9.974704074425541078e-01 4.876618007338849203e+00
2.625423268930535681e+00 -6.000000000000000000e+00 -8.704675590701620447e-01 9.916106733733790479e-01 9.998172586227456818e-03 9.990310224132477046e-01 3.086548108702847681e+00
2.594563428244030856e+00 -7.000000000000000000e+00 -1.000000000000000000e+00 1.000000000000000000e+00 0.000000000000000000e+00 1.240047265236073892e-01 3.563231315158039703e+00
