5.000000000000000000e+00 0.000000000000000000e+00 0.000000000000000000e+00 5.000000000000000000e-01 7.957747154594766933e-03 6.431800158839355852e-01 3.175584277674325051e+00
4.974729503250161500e+00 -1.000000000000000000e+00 -4.040741400596237209e-02 5.395910344526377855e-01 7.994903264421496236e-03 6.153259894468534608e-01 5.117425245442454695e+00
4.933816183449940773e+00 -2.000000000000000000e+00 -8.216068762041488227e-02 5.787854983252851415e-01 8.050839237440002294e-03 8.122302289096472450e-01 3.756899975035240313e+00
4.903569985719789415e+00 -3.000000000000000000e+00 -1.247660708699162846e-01 6.169827846497577539e-01 8.082412463267046876e-03 2.087021060601293998e-01 8.897485588518592170e-01
4.896378670878551276e+00 -2.000000000000000000e+00 -8.342188535655392645e-02 5.799422798783329114e-01 8.111968449413396037e-03 1.878319100694203492e-01 4.189763296153107830e-01
4.892979948111660704e+00 -1.000000000000000000e+00 -4.176890864890396571e-02 5.408965877840437031e-01 8.128250425612553939e-03 2.907804898519122938e-01 2.648995264602729716e+00
4.871448251224707704e+00 0.000000000000000000e+00 0.000000000000000000e+00 5.000000000000000000e-01 8.167742675490956977e-03 4.433492928968841840e-01 4.157884263292855209e+00
4.837487722487658459e+00 1.000000000000000000e+00 4.273269158743051715e-02 4.581803498777227146e-01 8.221324180628906270e-03 5.591023654078793870e-01 7.435764565655798464e+00
4.776355891462569225e+00 0.000000000000000000e+00 0.000000000000000000e+00 5.000000000000000000e-01 8.330354076858816070e-03 5.742794350051732000e-01 5.074105386141136265e+00
4.734086796972716726e+00 -1.000000000000000000e+00 -4.461979468233916862e-02 5.436243316435921402e-01 8.400545581815639651e-03 8.584089294230601297e-03 2.847670502964684491e+00
4.710164811110569616e+00 0.000000000000000000e+00 0.000000000000000000e+00 5.000000000000000000e-01 8.447419011563714678e-03 9.526563489037384036e-01 2.492923367173733862e+00
4.689106042864334967e+00 -1.000000000000000000e+00 -4.547994087215668363e-02 5.444457283612892384e-01 8.480963983071330287e-03 7.047688074480629172e-01 1.883435648507495230e+00
4.673132692964910184e+00 -2.000000000000000000e+00 -9.158276890301549067e-02 5.873890671230439509e-01 8.496431752692530301e-03 9.696173021181938578e-01 4.484310208564394884e+00
4.635032057319940613e+00 -3.000000000000000000e+00 -1.396419067566312677e-01 6.298919756953174076e-01 8.542088170791490090e-03 6.839095553047240816e-01 7.375894297526654597e+00
4.572026517892029851e+00 -4.000000000000000000e+00 -1.913561876455135702e-01 6.730475923704011265e-01 8.621488165838546089e-03 1.609352681051501310e-01 1.691936823286053881e+00
4.557439504592722734e+00 -3.000000000000000000e+00 -1.444373226710801983e-01 6.340062525808853877e-01 8.684486737140714729e-03 8.559357133065126355e-01 2.867627421578029523e+00
4.532535632282967519e+00 -4.000000000000000000e+00 -1.947051941740241265e-01 6.757501378548519400e-01 8.693658073096948574e-03 4.440036234381222746e-01 2.288418182960930913e+00
4.512640907072047014e+00 -3.000000000000000000e+00 -1.473193190653359352e-01 6.364678281803988202e-01 8.768807026804577645e-03 6.411937403089086329e-01 1.315662211082530231e+00
4.501104119030605588e+00 -4.000000000000000000e+00 -1.974339676002069555e-01 6.779438818190272054e-01 8.751907390841286161e-03 6.650559825071705733e-01 9.347384572373810263e-01
4.492923374618206012e+00 -3.000000000000000000e+00 -1.486152002190997690e-01 6.375719613510182349e-01 8.806421569937898999e-03 3.966676390486101322e-01 1.161704196332607575e+00
4.482692917725735526e+00 -2.000000000000000000e+00 -9.952954476980882537e-02 5.945764796287661413e-01 8.853987389462558352e-03 2.435504598411045718e-01 2.766315327811313285e+00
4.458199996698017031e+00 -1.000000000000000000e+00 -5.031308015855706639e-02 5.490473771410363524e-01 8.919187905339919648e-03 5.380675169832267457e-01 6.136994704290340552e-01
4.452726295803852707e+00 0.000000000000000000e+00 0.000000000000000000e+00 5.000000000000000000e-01 8.935814404417768628e-03 6.091198395100918539e-01 8.225275004403123091e+00
4.379226764939209815e+00 -1.000000000000000000e+00 -5.214409462317815686e-02 5.507845913211426581e-01 9.079605742302132229e-03 5.348584131763483018e-01 4.475299957603469991e+00
4.338592805745628667e+00 0.000000000000000000e+00 0.000000000000000000e+00 5.000000000000000000e-01 9.170885020664151094e-03 3.190212962986080925e-01 6.218802732777763964e+00
4.281560880917131939e+00 1.000000000000000000e+00 5.455012529480027933e-02 4.469377327900388996e-01 9.286120823694175505e-03 4.419459860644334714e-01 2.270395094732048591e+00
4.260477717749927784e+00 2.000000000000000000e+00 1.101826971155351748e-01 3.958874162562917021e-01 9.310513676930717505e-03 9.260428964709266353e-02 2.192222187158725077e+00
4.240067003093515474e+00 3.000000000000000000e+00 1.668690585255588055e-01 3.470535828210443707e-01 9.317736918615411243e-03 8.244485043271622127e-01 4.079350483102705205e+00
4.202056688493137848e+00 2.000000000000000000e+00 1.132677260135947078e-01 3.931470628645507004e-01 9.438304924419304784e-03 4.201577580749429330e-01 3.219549714791739348e+00
4.171669596565606319e+00 1.000000000000000000e+00 5.746192771962684021e-02 4.441890088490009769e-01 9.529958252247314882e-03 5.263623046378740344e-01 3.448457352163393441e+00
4.138805941964833757e+00 0.000000000000000000e+00 0.000000000000000000e+00 5.000000000000000000e-01 9.613578488795914562e-03 5.906237081741561035e-02 2.250844850783304985e+00
4.117167268325726326e+00 1.000000000000000000e+00 5.899333890830877475e-02 4.427467681094665042e-01 9.655681803042178921e-03 2.655657890431531998e-01 1.048247927961500459e+00
4.107045719882632007e+00 2.000000000000000000e+00 1.185689354688237024e-01 3.884603607602813424e-01 9.653630212098467112e-03 2.059882512296364876e-01 1.448876176777216029e+00
4.093058805048905846e+00 3.000000000000000000e+00 1.790710113076531551e-01 3.369622022377196657e-01 9.641822418693197713e-03 9.544456590359523540e-01 1.037348114751701189e+00
4.083056878740103812e+00 2.000000000000000000e+00 1.199662644665252798e-01 3.872296878385008689e-01 9.709523649187472294e-03 6.792949696126502346e-01 1.334682971258747131e+00
4.070097742866499502e+00 1.000000000000000000e+00 6.036571128334856928e-02 4.414562982660237278e-01 9.766945258224163373e-03 4.998463372294585927e-01 3.927705274561813287e+00
4.031736060459415683e+00 0.000000000000000000e+00 0.000000000000000000e+00 5.000000000000000000e-01 9.868884067882140523e-03 3.580525150987304839e-01 3.986659845283096359e+00
3.992392176628235756e+00 1.000000000000000000e+00 6.273842447377254994e-02 4.392296304789530814e-01 9.956312796790512190e-03 2.548277525884601324e-03 1.966394740893823601e+00
3.972814135505933208e+00 2.000000000000000000e+00 1.267165968283332778e-01 3.813119511275439022e-01 9.974722243793421317e-03 4.589577338044743549e-01 1.528049896886356507e+00
3.957572262209834602e+00 1.000000000000000000e+00 6.384726422468908758e-02 4.381909723497995346e-01 1.004355722415100141e-02 4.914186140387299950e-03 4.854031659380581565e-01
3.952697087735951520e+00 2.000000000000000000e+00 1.280097142586745784e-01 3.801835292136191979e-01 1.002464549230261924e-02 9.610452689634972900e-01 3.114047842039551650e+00
3.921479862073435019e+00 1.000000000000000000e+00 6.502794380397407259e-02 4.370863729337123305e-01 1.013560824119934950e-02 9.068322344186711126e-01 4.123055362281042413e+00
3.879690188164578224e+00 0.000000000000000000e+00 0.000000000000000000e+00 5.000000000000000000e-01 1.025564770464243609e-02 6.934478975256552769e-02 9.331917769106985450e-01
3.870119702059712896e+00 1.000000000000000000e+00 6.676536141260547286e-02 4.354634453296724605e-01 1.026952627524527727e-02 8.109125201096833990e-01 3.432655973677039452e+00
3.834867951344159032e+00 0.000000000000000000e+00 0.000000000000000000e+00 5.000000000000000000e-01 1.037551651785754286e-02 9.778647398616573394e-01 7.143765441084187096e+00
3.760747695010490332e+00 -1.000000000000000000e+00 -7.070524052785417957e-02 5.682056250088033389e-01 1.056675055965118105e-02 2.425662746263302916e-01 4.101074878831591164e+00
3.717412659739425251e+00 0.000000000000000000e+00 0.000000000000000000e+00 5.000000000000000000e-01 1.070334111784158361e-02 3.204058301603647241e-01 1.894317741205433281e+00
3.697137130769724500e+00 1.000000000000000000e+00 7.315918880905063204e-02 4.295169446445485373e-01 1.074760048880252401e-02 7.194099556854270938e-01 2.105710117502424428e+00
3.674505799681579088e+00 0.000000000000000000e+00 0.000000000000000000e+00 5.000000000000000000e-01 1.082832302956816643e-02 1.014505321467586985e-01 1.749665021724355451e+00
3.655559861632811547e+00 1.000000000000000000e+00 7.483283522116973563e-02 4.279671413924496237e-01 1.086916286281964204e-02 1.599429450066434111e-01 4.730405206300895671e+00
3.604144317038397105e+00 2.000000000000000000e+00 1.539662918719431062e-01 3.578865176444551155e-01 1.097350469064039234e-02 9.795575909120564084e-01 1.598949243526668118e+00
3.586598240014461147e+00 1.000000000000000000e+00 7.773821028384933496e-02 4.252834043852186663e-01 1.107691402071882443e-02 8.726818320211617852e-01 9.952151812272822529e-01
3.575574327019892529e+00 0.000000000000000000e+00 0.000000000000000000e+00 5.000000000000000000e-01 1.112792858822662413e-02 4.162693650221888086e-01 8.617186034251080873e-01
3.565985183937831593e+00 1.000000000000000000e+00 7.863953397319425886e-02 4.244525541785663103e-01 1.114054816157749803e-02 6.090517854999822900e-01 1.148079802612560929e+00
3.553194945603491917e+00 0.000000000000000000e+00 0.000000000000000000e+00 5.000000000000000000e-01 1.119801654063647990e-02 6.815719393088078837e-01 1.684711194887963392e+00
3.534329521776941263e+00 -1.000000000000000000e+00 -8.005453206808392508e-02 5.768501680157639422e-01 1.123969387535997400e-02 8.494566949524580135e-01 2.772745608488139002e+00
3.503164709943285882e+00 -2.000000000000000000e+00 -1.629704561816736341e-01 6.496907713876421964e-01 1.128150697893179691e-02 4.679988032609395665e-01 1.608163446360514115e+00
3.485022202799906932e+00 -1.000000000000000000e+00 -8.233583636361571645e-02 5.789462413887676018e-01 1.139765260178975288e-02 4.860740215405811027e-01 2.994230402046099915e+00
3.450895004867668092e+00 0.000000000000000000e+00 0.000000000000000000e+00 5.000000000000000000e-01 1.152997576479427612e-02 5.621410477373555148e-01 8.380686452604033665e-01
3.441232093698581629e+00 -1.000000000000000000e+00 -8.444463655362013932e-02 5.808791882322836830e-01 1.154166540138755470e-02 2.905774683231931999e-01 1.303302625897066580e+00
3.426189810873728092e+00 0.000000000000000000e+00 0.000000000000000000e+00 5.000000000000000000e-01 1.161311485040787336e-02 4.001662761354458642e-01 3.087770151319912504e+00
3.390331181474788735e+00 1.000000000000000000e+00 8.699929876416481744e-02 4.167851402285633888e-01 1.171365224927162565e-02 8.739273974304861969e-01 4.361475392774652349e+00
3.339242375430071075e+00 0.000000000000000000e+00 0.000000000000000000e+00 5.000000000000000000e-01 1.191549797814521298e-02 4.036709729198560970e-01 1.573475202023045361e+00
3.320493634841704012e+00 1.000000000000000000e+00 9.069737043857470371e-02 4.134156360636613292e-01 1.195803280634467718e-02 7.955172346458257993e-01 2.027601961761892113e+00
3.296247504064746536e+00 0.000000000000000000e+00 0.000000000000000000e+00 5.000000000000000000e-01 1.207091874135926210e-02 9.240075928314531728e-01 1.964418546662688669e+00
3.272535167413962220e+00 -1.000000000000000000e+00 -9.337515923726986966e-02 5.890156990559771710e-01 1.213176478600984549e-02 4.926809847103678086e-01 1.206723653970180665e+00
3.257895479882281453e+00 0.000000000000000000e+00 0.000000000000000000e+00 5.000000000000000000e-01 1.221301788798071983e-02 7.313078787242324186e-01 3.249914914718487147e+00
3.218204210894409112e+00 -1.000000000000000000e+00 -9.655456297375686336e-02 5.918931711582302579e-01 1.233469441852112769e-02 1.378687484453544609e-01 6.575485505647504780e+00
3.137097606528832294e+00 0.000000000000000000e+00 0.000000000000000000e+00 5.000000000000000000e-01 1.268329544167408861e-02 1.888318956357838418e-01 6.456037923190093286e-01
3.128909222892584996e+00 1.000000000000000000e+00 1.021442850988316525e-01 4.030724423903440656e-01 1.268314434311485460e-02 7.044987088335101788e-01 3.521513110083905662e+00
3.084245363811219498e+00 0.000000000000000000e+00 0.000000000000000000e+00 5.000000000000000000e-01 1.290063891797722274e-02 4.610195988908127873e-01 3.290866001665738061e+00
3.041791089796282321e+00 1.000000000000000000e+00 1.080789789659067773e-01 3.977615538812496743e-01 1.304226926313922265e-02 1.454808958858807566e-01 2.740938398423657940e+00
3.006043033170363366e+00 2.000000000000000000e+00 2.213296558574143202e-01 3.031637524235664127e-01 1.307005284669185592e-02 9.192503802931656365e-01 1.383062500442219900e+00
2.987966333199305602e+00 1.000000000000000000e+00 1.120078859674923100e-01 3.942649972919610724e-01 1.327429672403341795e-02 8.676665640183767181e-04 1.615212188978730534e+00
2.966525527330526213e+00 2.000000000000000000e+00 2.272656586830846814e-01 2.985591811252434891e-01 1.323476037318404609e-02 6.907149172750252086e-01 3.280146053523233185e+00
2.923113580323100980e+00 1.000000000000000000e+00 1.170330757233226660e-01 3.898152946833078336e-01 1.356483406101812936e-02 4.254768178147231295e-01 1.700509795225726428e+00
2.900046447131728211e+00 0.000000000000000000e+00 0.000000000000000000e+00 5.000000000000000000e-01 1.372003397129264134e-02 9.088788519822884604e-01 2.452050857037079368e+00
2.866404226073842043e+00 -1.000000000000000000e+00 -1.217096823838956510e-01 6.143030589909013184e-01 1.382927214000704078e-02 7.095199163412382326e-01 1.644776631531471578e+00
2.843658162426869307e+00 -2.000000000000000000e+00 -2.473291009307956312e-01 7.167432588471778221e-01 1.377130899867341426e-02 8.864520038464874796e-01 1.899651577820877568e+00
2.817497473558880472e+00 -3.000000000000000000e+00 -3.779150470773955939e-01 8.065051556736405614e-01 1.357820637647211455e-02 1.558993899505539682e-01 1.861477937189542076e-01
2.814969920399239545e+00 -2.000000000000000000e+00 -2.523960062427476614e-01 7.205441342591031306e-01 1.390211586861386794e-02 9.578040245387730023e-01 2.106217933751586724e+00
2.785689034639672546e+00 -3.000000000000000000e+00 -3.865947797391244278e-01 8.118670178783533586e-01 1.370554209226785072e-02 8.385985301964212768e-01 1.763052848552210783e+00
2.761525439612947608e+00 -4.000000000000000000e+00 -5.245198092408345225e-01 8.869592940978138218e-01 1.325177307065687066e-02 9.477299425244343212e-01 2.685678584027835658e+00
2.725935436476687457e+00 -5.000000000000000000e+00 -6.728819422463505617e-01 9.464968881457400673e-01 1.241288295508767743e-02 9.957954966339656044e-01 6.048922042456834625e+00
2.650850875159220799e+00 -6.000000000000000000e+00 -8.538481787592638872e-01 9.893198225740079677e-01 1.027664352006771309e-02 9.986885520733100874e-01 3.037444711845107115e+00
2.619636138643673728e+00 -7.000000000000000000e+00 -1.000000000000000000e+00 1.000000000000000000e+00 0.000000000000000000e+00 4.232737958270424983e-01 4.864922636219126240e+00
