5.000000000000000000e+00 0.000000000000000000e+00 0.000000000000000000e+00 5.000000000000000000e-01 7.957747154594766933e-03 5.651869618155225261e-01 6.431299762849203017e-01
4.994882134261183992e+00 -1.000000000000000000e+00 -4.008201174786345938e-02 5.392787279149855451e-01 7.962698824469116934e-03 4.335762019440680959e-01 3.461178198741706513e+00
4.967321814686785686e+00 0.000000000000000000e+00 0.000000000000000000e+00 5.000000000000000000e-01 8.010098249590199421e-03 4.964399666367761421e-01 2.200712410338939051e+00
4.949693892060878397e+00 1.000000000000000000e+00 4.081721013973679812e-02 4.600158121820588919e-01 8.035274578216776778e-03 7.164112865090351834e-01 3.231839876344235751e+00
4.923725171261621902e+00 0.000000000000000000e+00 0.000000000000000000e+00 5.000000000000000000e-01 8.081022881863781857e-03 2.321712945823283247e-01 3.446387301458054164e+00
4.895874836618774317e+00 1.000000000000000000e+00 4.171952806249419610e-02 4.591507314483844193e-01 8.123452652260403431e-03 1.249727354113355782e-01 1.226072951070396710e+00
4.885914891052537179e+00 2.000000000000000000e+00 8.377958416220490645e-02 4.197299251989911051e-01 8.129218595897951330e-03 9.713171599451368987e-01 1.518416572023609357e+00
4.873571350818923342e+00 1.000000000000000000e+00 4.210225357974543142e-02 4.587840462985011691e-01 8.160563350641806407e-03 9.128654435681962109e-01 2.951711960406866897e+00
4.849483718373176266e+00 0.000000000000000000e+00 0.000000000000000000e+00 5.000000000000000000e-01 8.204736438690733713e-03 3.993815831512219638e-01 1.403360310742145733e+00
4.837969516895017641e+00 1.000000000000000000e+00 4.272418084895283907e-02 4.581884969656541684e-01 8.220506949315488018e-03 8.123118951354413309e-01 3.794845482128802239e+00
4.806773963237599645e+00 0.000000000000000000e+00 0.000000000000000000e+00 5.000000000000000000e-01 8.277638199191325249e-03 2.717903208985354979e-01 1.688384908203946377e+00
4.792798123826512935e+00 1.000000000000000000e+00 4.353331374970387940e-02 4.574142609533111692e-01 8.297838853513910679e-03 7.751771321559242089e-02 4.881036768102742229e+00
4.752296067286719605e+00 2.000000000000000000e+00 8.855702474028198656e-02 4.153641485751434770e-01 8.356049065717772312e-03 9.362951660128692177e-01 2.795105910071536304e+00
4.728940025158284044e+00 1.000000000000000000e+00 4.471697200740069184e-02 4.562828317853546145e-01 8.409670070984958529e-03 5.188188282916722516e-01 9.734087845031644814e-01
4.720753978436413867e+00 0.000000000000000000e+00 0.000000000000000000e+00 5.000000000000000000e-01 8.428470527106874180e-03 7.326101569707478278e-01 5.055760679825909598e+00
4.678141648554395182e+00 -1.000000000000000000e+00 -4.569337792028586170e-02 5.446494355274028587e-01 8.500799778415784810e-03 2.065196837583123113e-01 1.743254604245713546e+00
4.663322590200900564e+00 0.000000000000000000e+00 0.000000000000000000e+00 5.000000000000000000e-01 8.532271787626791171e-03 9.541208528714369974e-01 3.963183039330885116e+00
4.629507635365216700e+00 -1.000000000000000000e+00 -4.665845893941295702e-02 5.455699530441124878e-01 8.589910669678272118e-03 2.648818679494709949e-01 2.626271570567368485e+00
4.606948197179727700e+00 0.000000000000000000e+00 0.000000000000000000e+00 5.000000000000000000e-01 8.636679656465775373e-03 6.497547414634546881e-01 3.015283347501605427e+00
4.580906160833880136e+00 -1.000000000000000000e+00 -4.765376394348017075e-02 5.465183233344896863e-01 8.680841697870965781e-03 4.544518065438789556e-01 6.837012488405835864e-01
4.574971058524058165e+00 0.000000000000000000e+00 0.000000000000000000e+00 5.000000000000000000e-01 8.697046443351747619e-03 3.080705715339685513e-01 3.913493219710506565e-01
4.571567475295301719e+00 1.000000000000000000e+00 4.784865467194426847e-02 4.532960922050132124e-01 8.698534116473888647e-03 5.218088772976650080e-01 4.377792038588851908e-01
4.567759437955052348e+00 0.000000000000000000e+00 0.000000000000000000e+00 5.000000000000000000e-01 8.710777420184570574e-03 4.326781294329196115e-01 2.792869255339731183e+00
4.543431375508111714e+00 1.000000000000000000e+00 4.844311421007686802e-02 4.527302534471083773e-01 8.752275900733488129e-03 4.516275819559534277e-02 5.304471531662550809e+00
4.497005177155414479e+00 2.000000000000000000e+00 9.889702343612850888e-02 4.059932871861345882e-01 8.826088889339629012e-03 3.004564247693874979e-01 2.536274069779350882e+00
4.474619796767814961e+00 3.000000000000000000e+00 1.498335175391744822e-01 3.613915239499065901e-01 8.841617837683647674e-03 2.836279437358500966e-01 2.889585935140060791e+00
4.449071182220160736e+00 4.000000000000000000e+00 2.020790459640068037e-01 3.183389244448547872e-01 8.849941884758181707e-03 6.858571862217679449e-01 1.307108550574932027e+00
4.437503347510501683e+00 3.000000000000000000e+00 1.523504942057522515e-01 3.592548423366161980e-01 8.913826735055006140e-03 6.661275979324821073e-01 1.819439992947915696e+00
4.421285174658533990e+00 2.000000000000000000e+00 1.023134995738344544e-01 4.029205265236880384e-01 8.975684210751757458e-03 2.940008158115083869e-01 4.338758728880227622e+00
4.382341846441462074e+00 3.000000000000000000e+00 1.562099707143987382e-01 3.559908067608978932e-01 9.023258111054045447e-03 2.501875892221883113e-02 4.753263837515065759e+00
4.339451919965624072e+00 4.000000000000000000e+00 2.124174688986219806e-01 3.101431216480265429e-01 9.063238187253051109e-03 1.914427340869886418e-01 2.251996131766029752e+00
4.319041542626655961e+00 5.000000000000000000e+00 2.680373044146371897e-01 2.678846938642952535e-01 9.040710641482674684e-03 1.334805697621977982e-01 1.727334093450033858e+00
4.303425214906606122e+00 6.000000000000000000e+00 3.239833785719114512e-01 2.284992362235238050e-01 8.989571364386238217e-03 8.210788657991051620e-01 1.215801966067361572e+00
4.292495676367682478e+00 5.000000000000000000e+00 2.713627748710412679e-01 2.654561029218144297e-01 9.092139412054752248e-03 5.471234945047248610e-01 2.041597309769361601e+00
4.273933189003983557e+00 4.000000000000000000e+00 2.189800413930748091e-01 3.049960878711815981e-01 9.195266524236732700e-03 8.198892255998461165e-01 9.892127617875348111e-01
4.264837114010171071e+00 3.000000000000000000e+00 1.649363414175454567e-01 3.486656569425571339e-01 9.265157616841393495e-03 1.277558545769196252e-01 3.267097142244570929e+00
4.234566944037743141e+00 4.000000000000000000e+00 2.230704201869855852e-01 3.018097859942135974e-01 9.276284529437683890e-03 4.040995932454115591e-01 3.526646532434349002e+00
4.201852767368126962e+00 3.000000000000000000e+00 1.699180804901373465e-01 3.445179965485890561e-01 9.399976386427102981e-03 9.779639579062212595e-01 4.473262235870149262e+00
4.159804207980651647e+00 2.000000000000000000e+00 1.155804060447950393e-01 3.910990090859448043e-01 9.532890489265179179e-03 5.668080663008460141e-01 5.132439360334469569e+00
4.110877225615788610e+00 1.000000000000000000e+00 5.917400813682505145e-02 4.425767734826634436e-01 9.670404096943165800e-03 7.059854200839386085e-01 2.724575989499256945e+00
4.084529474804502236e+00 0.000000000000000000e+00 0.000000000000000000e+00 5.000000000000000000e-01 9.741326637109954875e-03 9.159746477196968328e-01 4.403123343883009966e+00
4.041637212088254216e+00 -1.000000000000000000e+00 -6.121887507254656496e-02 5.593449997399725371e-01 9.835466198579783867e-03 8.244314834985537743e-01 1.038607534355213025e+00
4.031422022790513537e+00 -2.000000000000000000e+00 -1.230590244194397359e-01 6.154872626739076313e-01 9.832001871489333758e-03 2.910496918203495653e-01 3.407620712755263348e+00
3.997918289565377759e+00 -1.000000000000000000e+00 -6.256510426976163997e-02 5.606079081336186043e-01 9.942604955711680653e-03 9.008522427334720861e-01 5.637521859064581697e+00
3.941866636791509393e+00 -2.000000000000000000e+00 -1.287141051779763234e-01 6.204304447420927460e-01 1.005172467820401871e-02 4.040937472720548262e-01 1.702899058436032176e+00
3.924749564301337479e+00 -1.000000000000000000e+00 -6.491963959667115813e-02 5.628123597939903577e-01 1.012720010417540381e-02 3.163813971595341723e-02 7.759609216627258998e-01
3.916891252774638676e+00 0.000000000000000000e+00 0.000000000000000000e+00 5.000000000000000000e-01 1.015824366959087316e-02 6.380614910317768951e-01 2.547091036516230034e+00
3.891017281377076031e+00 -1.000000000000000000e+00 -6.605013059982996204e-02 5.638688207237027017e-01 1.021461540752091092e-02 3.100575638641857035e-01 1.251100329011233026e+00
3.878237772680003470e+00 0.000000000000000000e+00 0.000000000000000000e+00 5.000000000000000000e-01 1.025948848553408059e-02 6.591450976823589603e-01 2.977520737991083966e+00
3.847689932953144876e+00 -1.000000000000000000e+00 -6.754603580751918079e-02 5.652648023308638470e-01 1.032911927429431588e-02 3.046679662463243066e-01 3.193217289877090526e+00
3.814706810697265471e+00 0.000000000000000000e+00 0.000000000000000000e+00 5.000000000000000000e-01 1.043035225181594174e-02 4.310399690980265541e-01 5.521478689492779202e-01
3.808947713929034862e+00 1.000000000000000000e+00 6.892709543662613181e-02 4.334483768060387598e-01 1.043368605801255761e-02 5.655550715935957484e-01 2.161351071683674796e+00
3.786396855385938398e+00 0.000000000000000000e+00 0.000000000000000000e+00 5.000000000000000000e-01 1.050833742278667327e-02 7.119978145230314581e-01 3.202093032219861968e+00
3.752748181344217837e+00 -1.000000000000000000e+00 -7.100699825140056876e-02 5.684860013510633081e-01 1.058916116293927810e-02 9.674898329329228996e-01 3.496419376174379146e+00
3.715724033076683863e+00 -2.000000000000000000e+00 -1.448582027924409377e-01 6.343662533343129573e-01 1.065143309246661951e-02 1.855893161242990752e-01 1.370040178678537002e+00
3.701131141779498535e+00 -1.000000000000000000e+00 -7.300137708400111780e-02 5.703367765559208546e-01 1.073606472818320126e-02 8.318232924208797119e-01 4.765909536110293665e+00
3.649964028511152758e+00 -2.000000000000000000e+00 -1.501249331125879827e-01 6.388561853415584135e-01 1.083900784068713048e-02 5.339277112531870539e-02 9.141229238844850169e-01
3.640055842971817057e+00 -1.000000000000000000e+00 -7.547166086180114031e-02 5.726236750651817475e-01 1.091519379629431706e-02 7.874139579196283156e-01 3.172532532521652016e+00
3.605427035554294779e+00 -2.000000000000000000e+00 -1.538567568406925268e-01 6.420208060279245510e-01 1.096969587721054358e-02 8.799874839345578348e-01 7.046916792774404747e+00
3.528124501465551788e+00 -3.000000000000000000e+00 -2.410091051649421168e-01 7.119664107787391227e-01 1.110888636698666859e-02 4.120082414033598983e-02 2.734556733645784110e+00
3.497746621447402671e+00 -2.000000000000000000e+00 -1.634757370575594115e-01 6.501135787543033118e-01 1.129850038034162750e-02 2.646976286960381897e-01 1.707670020979888514e+00
3.478452511065863284e+00 -1.000000000000000000e+00 -8.264714254121849346e-02 5.792318674561042213e-01 1.141903126814502317e-02 7.923261104002113919e-01 2.628800347004938143e+00
3.448434157705703385e+00 -2.000000000000000000e+00 -1.681845583741592987e-01 6.540415355364037620e-01 1.145543638665241087e-02 8.970073025541943634e-01 4.004582158492127952e+00
3.402559921533973686e+00 -3.000000000000000000e+00 -2.591252238983212108e-01 7.255522830681436774e-01 1.149058733155573254e-02 5.013106820498195448e-01 6.046778651693565543e+00
3.333078883362102118e+00 -2.000000000000000000e+00 -1.800274837438099462e-01 6.638225362922460793e-01 1.183920855637023671e-02 8.243377293518368010e-01 9.220990763879081120e-01
3.322161960087109289e+00 -3.000000000000000000e+00 -2.718189011806521616e-01 7.348761436611235265e-01 1.174696170397973236e-02 1.833290217847552972e-01 4.420951978422263728e+00
3.270229206501449326e+00 -2.000000000000000000e+00 -1.870137805974723122e-01 6.695267035307925774e-01 1.205867202512789400e-02 7.620431517800810850e-01 5.730402814283095836e+00
3.201128158392139600e+00 -3.000000000000000000e+00 -2.927622872177225166e-01 7.499074088092463342e-01 1.215119906760436450e-02 9.494449126549762141e-01 2.418351143944301729e+00
3.171742292226703785e+00 -4.000000000000000000e+00 -3.976163232121126545e-01 8.185669529697530145e-01 1.200537481420068872e-02 9.927788984293975938e-01 2.089994447764527585e+00
3.146651125521692460e+00 -5.000000000000000000e+00 -5.049784152629930301e-01 8.774768153222310962e-01 1.171588571536532480e-02 7.653828654206495941e-02 1.961828360300293506e+00
3.123666568659251741e+00 -4.000000000000000000e+00 -4.099497748818437537e-01 8.259203659190066382e-01 1.215232392125524356e-02 3.625066580864615418e-01 2.995978690025338231e+00
3.087258465156885734e+00 -3.000000000000000000e+00 -3.147569109645823593e-01 7.652209544645993677e-01 1.255197236604416872e-02 6.472333753338871398e-01 3.659408524625693104e+00
3.041325670479717580e+00 -2.000000000000000000e+00 -2.162241210447191642e-01 6.928476857839385161e-01 1.292609893002328106e-02 3.135319256359049289e-01 4.506095594361580581e+00
2.983079433038857697e+00 -1.000000000000000000e+00 -1.123751706622940355e-01 6.060610811716041768e-01 1.329576445583511256e-02 8.371586834840604174e-01 7.308688961691039987e-01
2.973361972347297044e+00 -2.000000000000000000e+00 -2.262217877724325976e-01 7.006336391409548892e-01 1.320599981890410377e-02 6.109497000923312937e-01 7.044181401610474236e-01
2.964059426515897488e+00 -1.000000000000000000e+00 -1.138219932876795848e-01 6.073442702096892853e-01 1.337996924265965476e-02 1.006605691838347028e-02 2.689760122699745182e+00
2.928070518804042344e+00 0.000000000000000000e+00 0.000000000000000000e+00 5.000000000000000000e-01 1.358872182806081241e-02 7.928820682839015088e-01 2.235210401967218097e+00
2.897696866424521733e+00 -1.000000000000000000e+00 -1.190951560253714347e-01 6.120033279310176377e-01 1.368212088316750515e-02 5.726848826187158625e-02 1.777477448603963284e+00
2.873377205105618337e+00 0.000000000000000000e+00 0.000000000000000000e+00 5.000000000000000000e-01 1.384737642599600735e-02 9.526241531497270376e-01 3.012894795034601447e+00
2.831656516746849928e+00 -1.000000000000000000e+00 -1.247150474920955820e-01 6.169381259566177889e-01 1.399633167140432177e-02 8.357574670711107601e-01 2.137496776047364211e+00
2.801739402922733380e+00 -2.000000000000000000e+00 -2.547853893133104064e-01 7.223275920095428848e-01 1.396316820602267611e-02 7.623369780212861935e-01 1.459388575853024728e+00
2.781361714760149706e+00 -3.000000000000000000e+00 -3.877986653423228236e-01 8.126047629216793800e-01 1.372294980759536202e-02 8.463339241273342139e-01 2.541102196834646776e+00
2.746490296857017732e+00 -4.000000000000000000e+00 -5.302782974894298951e-01 8.896807610952857104e-01 1.329404273008728994e-02 9.976868139107949451e-01 1.330740512939297959e+00
2.728799375615344580e+00 -5.000000000000000000e+00 -6.714702725702107466e-01 9.460341090974542233e-01 1.241219435180227273e-02 9.741767707797804876e-01 1.131388611850242309e+00
2.714756360277643665e+00 -6.000000000000000000e+00 -8.141220768084344028e-01 9.827246988349952472e-01 1.076858641571530259e-02 9.892653591769863253e-01 7.921175744441208977e+00
2.629456494759560670e+00 -7.000000000000000000e+00 -1.000000000000000000e+00 1.000000000000000000e+00 0.000000000000000000e+00 9.505894606899266686e-01 3.505562485013602458e+00
