5.000000000000000000e+00 0.000000000000000000e+00 0.000000000000000000e+00 5.000000000000000000e-01 7.957747154594766933e-03 4.730225986105184299e-01 1.530807064989311073e+00
4.987818224434347414e+00 1.000000000000000000e+00 4.019562302915127838e-02 4.606122210261995309e-01 7.973957638406768689e-03 8.926056146552097115e-01 6.709843401461469403e-01
4.982467823729987977e+00 0.000000000000000000e+00 0.000000000000000000e+00 5.000000000000000000e-01 7.985748665244181768e-03 6.324732188603278127e-01 4.541988792147536813e+00
4.946196642795541720e+00 -1.000000000000000000e+00 -4.087495083791337080e-02 5.400395700349124306e-01 8.040946483570284714e-03 5.936662808297170635e-01 1.222287712058786058e+00
4.936368292715351380e+00 -2.000000000000000000e+00 -8.207575520189040741e-02 5.787075404059101036e-01 8.046705241488271571e-03 7.892009181515835525e-02 5.683550475301140992e+00
4.890634437315482863e+00 -1.000000000000000000e+00 -4.180898235309492977e-02 5.409349868503942060e-01 8.132141848133401033e-03 4.556909729616804849e-01 1.626918475279939935e+00
4.877404105499157261e+00 0.000000000000000000e+00 0.000000000000000000e+00 5.000000000000000000e-01 8.157768950928831475e-03 4.744581660789468636e-01 2.118315756734967525e+00
4.860123374990601874e+00 1.000000000000000000e+00 4.233557004911939203e-02 4.585605801965725314e-01 8.183103260334029239e-03 4.008959787569574829e-01 5.188113426729907829e+00
4.817668507093345376e+00 2.000000000000000000e+00 8.617001487819762884e-02 4.175426208538567385e-01 8.243531010258578831e-03 6.690035162481055009e-01 4.089125802192598691e+00
4.783959671738122310e+00 1.000000000000000000e+00 4.369431951327626407e-02 4.572602772655878778e-01 8.313140003648708184e-03 5.978838523222861356e-01 8.352698943757370653e-01
4.777015956165343802e+00 0.000000000000000000e+00 0.000000000000000000e+00 5.000000000000000000e-01 8.329203029272161385e-03 7.970506282712964685e-01 4.913749618028896649e+00
4.736088337961772865e+00 -1.000000000000000000e+00 -4.458208868105966588e-02 5.435883073654766973e-01 8.397002465298895532e-03 9.333980673377256787e-01 1.872052419147889113e+00
4.720368709183019540e+00 -2.000000000000000000e+00 -8.975902987646489084e-02 5.857306881542828636e-01 8.412111942038813170e-03 2.507293099340452969e-01 2.516473896889169559e+00
4.699199849063169232e+00 -1.000000000000000000e+00 -4.528477033635366217e-02 5.442594151241455513e-01 8.462784583260491225e-03 1.254219763992758807e-01 1.885259677158403369e+00
4.683245302531870102e+00 0.000000000000000000e+00 0.000000000000000000e+00 5.000000000000000000e-01 8.495975163091100749e-03 9.053640202218610211e-01 2.544092229971490315e+00
4.661630758133418873e+00 -1.000000000000000000e+00 -4.601763115111087710e-02 5.449588199627309892e-01 8.530844917633607222e-03 4.623287278999188565e-01 2.859741940930999871e+00
4.637234743130884240e+00 0.000000000000000000e+00 0.000000000000000000e+00 5.000000000000000000e-01 8.580272075273462709e-03 3.010016327624908117e-01 8.145092539137232635e+00
4.567347633066806800e+00 1.000000000000000000e+00 4.793711172203097420e-02 4.532118716180942863e-01 8.706552329458720069e-03 1.386568338163913783e-01 2.156480271849816166e+00
4.548572124732500832e+00 2.000000000000000000e+00 9.666735254684169498e-02 4.080049359773659789e-01 8.726990713759066182e-03 5.955537335672580479e-01 8.490174332292188097e+00
4.474478452176390952e+00 1.000000000000000000e+00 4.994766129672961047e-02 4.512997231377767759e-01 8.886820949031030981e-03 4.995432107314425885e-01 2.909880611868979727e+00
4.448618864195654332e+00 0.000000000000000000e+00 0.000000000000000000e+00 5.000000000000000000e-01 8.944064885668274664e-03 6.521552888327734054e-01 4.319247003297180254e-01
4.444755701650182189e+00 -1.000000000000000000e+00 -5.061790991659882027e-02 5.493368235144363565e-01 8.946097229003512410e-03 1.154937650989077413e-01 2.115581699122287329e+00
4.425829502073933774e+00 0.000000000000000000e+00 0.000000000000000000e+00 5.000000000000000000e-01 8.990119423789128331e-03 6.330358367887004567e-01 2.340418447025057080e+00
4.404788860733539479e+00 -1.000000000000000000e+00 -5.154064016877375753e-02 5.502124213742702885e-01 9.027056188498123676e-03 4.216552782083804463e-01 7.982940810500479545e-01
4.397582615208955659e+00 0.000000000000000000e+00 0.000000000000000000e+00 5.000000000000000000e-01 9.047865442110229056e-03 5.671194945011445165e-01 2.029621181389873019e+00
4.379218875861282889e+00 -1.000000000000000000e+00 -5.214428249649900177e-02 5.507847693979616155e-01 9.079622054410017157e-03 4.242070989888865329e-01 5.028002441838767211e+00
4.333566514000736447e+00 0.000000000000000000e+00 0.000000000000000000e+00 5.000000000000000000e-01 9.181521881440096039e-03 5.162197003674952045e-01 1.657804286630280233e+00
4.318345347667895240e+00 -1.000000000000000000e+00 -5.362474725047874230e-02 5.521869404916398549e-01 9.207251183923246055e-03 7.948036500189427089e-01 1.397171149955354963e+00
4.305481241943325266e+00 -2.000000000000000000e+00 -1.078913414286560429e-01 6.020710706510186139e-01 9.214362822524574739e-03 9.884342587945792458e-01 5.688345359834444670e-01
4.300239794142791006e+00 -3.000000000000000000e+00 -1.622317702275990758e-01 6.490721965920087655e-01 9.190983139157608839e-03 4.958416579476154773e-02 1.260052060155395726e+00
4.288658676903441602e+00 -2.000000000000000000e+00 -1.087394242423363744e-01 6.028272930500589988e-01 9.250075628105083533e-03 7.897178539757584437e-01 1.525706067783480169e+00
4.274545780390185179e+00 -3.000000000000000000e+00 -1.641879608945303048e-01 6.507091176431784030e-01 9.244703010222756617e-03 1.654806782675412036e-01 7.382256672021570987e-01
4.267721103342378086e+00 -2.000000000000000000e+00 -1.098089995575747130e-01 6.037799913656569650e-01 9.294905376919191178e-03 5.507849032074055851e-01 2.054899565863198330e+00
4.248621006318606952e+00 -1.000000000000000000e+00 -5.539926666742134992e-02 5.538647272937773369e-01 9.357897559108272270e-03 4.788352058154954349e-02 5.514109094297511282e-01
4.243460959515188868e+00 0.000000000000000000e+00 0.000000000000000000e+00 5.000000000000000000e-01 9.376482110376163290e-03 8.269336112328772304e-01 5.573431189035369382e-01
4.238235041731448938e+00 -1.000000000000000000e+00 -5.567111558830651480e-02 5.541214790328832240e-01 9.380758375887379708e-03 9.323598969985904539e-01 2.785121074166933663e+00
4.212108493887097183e+00 -2.000000000000000000e+00 -1.127277652671499070e-01 6.063739907360871095e-01 9.416073190400527440e-03 3.817940376333449626e-01 2.488745771105518756e+00
4.188674281554067846e+00 -1.000000000000000000e+00 -5.699632045968332228e-02 5.553720301867118847e-01 9.491396627641342579e-03 5.479693184988734256e-01 2.449515044397996721e+00
4.165424962722312330e+00 0.000000000000000000e+00 0.000000000000000000e+00 5.000000000000000000e-01 9.552143209649831268e-03 2.680203823697848708e-01 3.150921713334772889e+00
4.135326907274142982e+00 1.000000000000000000e+00 5.847635655552742978e-02 4.432333855824771573e-01 9.613426978117489349e-03 4.558548652316145589e-01 2.649799829345710123e+00
4.109853250108099765e+00 0.000000000000000000e+00 0.000000000000000000e+00 5.000000000000000000e-01 9.681303285446333715e-03 6.171655501054172932e-01 4.257399764105268325e+00
4.068636071784409225e+00 -1.000000000000000000e+00 -6.040909224065287714e-02 5.585844630279830358e-01 9.770441209679590899e-03 6.476043010884731110e-01 1.377938730568503356e+00
4.055173002426848861e+00 -2.000000000000000000e+00 -1.216217426545636304e-01 6.142258185113971258e-01 9.775291986768828295e-03 2.506767435253576259e-02 4.695473890235946968e+00
4.009273374133543122e+00 -1.000000000000000000e+00 -6.221121171160767793e-02 5.602760942802944566e-01 9.914555443543070570e-03 2.010975372429829600e-01 5.732835353469170947e+00
3.952434860172869158e+00 0.000000000000000000e+00 0.000000000000000000e+00 5.000000000000000000e-01 1.006689222734807529e-02 3.447073362521180240e-02 1.498997242575977662e+00
3.937344616482764792e+00 1.000000000000000000e+00 6.450496497508448335e-02 4.375754802781339770e-01 1.009494066912937013e-02 2.647732168716565582e-02 3.763933599129336560e+00
3.899347930117011529e+00 2.000000000000000000e+00 1.315364206042612116e-01 3.771144943684293649e-01 1.015942327770813849e-02 9.681453201893409632e-01 1.693911954338136017e+00
3.882138761577720754e+00 1.000000000000000000e+00 6.635259169832770365e-02 4.358487415142148214e-01 1.023787335012087477e-02 5.061841611140616148e-01 2.689117132986599934e+00
3.854607920946563571e+00 0.000000000000000000e+00 0.000000000000000000e+00 5.000000000000000000e-01 1.032238209151063214e-02 6.289116364523683611e-01 3.451337100889230847e+00
3.818981900664578433e+00 -1.000000000000000000e+00 -6.856536618190237076e-02 5.662147614620731684e-01 1.040640222038220937e-02 6.033762992421518589e-01 1.139824799469054017e+00
3.807120425340536851e+00 -2.000000000000000000e+00 -1.379865532959174412e-01 6.284664088506739521e-01 1.040090915355113867e-02 2.094343104226740193e-01 5.760407305194441552e-01
3.801129078033659070e+00 -1.000000000000000000e+00 -6.921094273889687176e-02 5.668158654414934272e-01 1.045504426276674600e-02 6.179410571714164524e-01 1.302957463193324505e+00
3.787506600083470509e+00 -2.000000000000000000e+00 -1.394193966784458283e-01 6.297005125933549108e-01 1.045370651388933918e-02 4.231961587256571899e-01 6.215340613904986711e+00
3.722533253421850929e+00 -1.000000000000000000e+00 -7.216437057336579086e-02 5.695605223832407304e-01 1.067466583345702200e-02 7.775148537853208142e-01 4.482664317176305424e+00
3.674682309792431933e+00 -2.000000000000000000e+00 -1.481120518378748752e-01 6.371434618880622569e-01 1.076775961945584774e-02 9.299843714481268453e-01 3.262906577765188665e+00
3.639548116102314879e+00 -3.000000000000000000e+00 -2.264781580044687714e-01 7.008319799779202386e-01 1.078842752618221559e-02 8.240593780061289397e-01 4.058404742795532094e+00
3.595764310662751040e+00 -4.000000000000000000e+00 -3.093695432999317152e-01 7.615147861391275974e-01 1.078719586671468729e-02 6.175608281683655498e-01 8.295657341145079577e-02
3.594869441856930248e+00 -3.000000000000000000e+00 -2.321426886294322700e-01 7.051975746873815343e-01 1.091492491840368069e-02 4.035767292970405817e-01 5.288295468524372822e+00
3.537148093871652410e+00 -2.000000000000000000e+00 -1.598540003798424314e-01 6.470773496611230691e-01 1.117602399130579981e-02 3.466799207487324397e-01 5.657071495243629400e+00
3.473924527120277439e+00 -1.000000000000000000e+00 -8.286273088682047372e-02 5.794296148018096559e-01 1.143381219041227949e-02 8.693882490414355235e-01 3.787162810145225045e+00
3.430622818814562880e+00 -2.000000000000000000e+00 -1.699354757339414379e-01 6.554964427774809810e-01 1.151314450090560292e-02 5.413859022219538186e-01 8.022648983549672819e-01
3.421386227111797851e+00 -1.000000000000000000e+00 -8.542712573785328500e-02 5.817782288319377493e-01 1.160812446835851261e-02 4.933575907114989834e-01 2.817200632651685854e+00
3.388683811515638578e+00 0.000000000000000000e+00 0.000000000000000000e+00 5.000000000000000000e-01 1.174164896641027682e-02 5.262850443011751755e-01 5.419845188906372790e+00
3.325045891855212155e+00 -1.000000000000000000e+00 -9.044919635461987073e-02 5.863586677940215708e-01 1.194179689288624516e-02 8.566810999536630389e-01 5.302648335452461170e-01
3.318713576913574492e+00 -2.000000000000000000e+00 -1.815893824056872274e-01 6.651020305044477166e-01 1.188870548240723683e-02 3.153821409731147885e-01 1.960664997679472665e-01
3.316382600042866891e+00 -1.000000000000000000e+00 -9.092236929565818138e-02 5.867889306764901836e-01 1.197273256588889459e-02 4.109197192560645195e-01 3.686857296596036893e+00
3.272240843622126416e+00 0.000000000000000000e+00 0.000000000000000000e+00 5.000000000000000000e-01 1.215947654052587298e-02 6.616966418963754482e-01 1.950931039025823210e+00
3.248518543420908067e+00 -1.000000000000000000e+00 -9.476092679922505646e-02 5.902711101753009837e-01 1.222065069785186961e-02 2.978985998920646860e-02 3.687053368565907707e+00
3.203460352099325892e+00 0.000000000000000000e+00 0.000000000000000000e+00 5.000000000000000000e-01 1.242054884397088103e-02 5.744089217042370743e-01 2.963664278843103350e+00
3.166650015166823540e+00 -1.000000000000000000e+00 -9.972404045847371723e-02 5.947515983357920533e-01 1.253353449839215809e-02 2.023774369135966644e-02 9.973082244873138213e-01
3.154150218129681438e+00 0.000000000000000000e+00 0.000000000000000000e+00 5.000000000000000000e-01 1.261472441745890849e-02 4.789665540637993990e-01 4.431933541963917200e+00
3.098242597861314174e+00 1.000000000000000000e+00 1.041763551197546628e-01 4.012500013632639417e-01 1.280732246978632388e-02 2.178200476354501536e-01 6.767779523758531424e-01
3.089574884384794995e+00 2.000000000000000000e+00 2.095234051866705915e-01 3.124266234738383163e-01 1.273385458113872153e-02 6.229071678858484340e-01 8.943390839754765675e-01
3.078186500543222515e+00 1.000000000000000000e+00 1.055383114688473178e-01 4.000308561250003891e-01 1.288983605492526746e-02 1.072433343738924405e-01 1.882791766957583768e+00
3.053917623341576348e+00 2.000000000000000000e+00 2.144447208303126573e-01 3.085485483156826803e-01 1.287541896116000881e-02 8.668340046646968444e-01 2.454265365576903779e+00
3.022317928517909369e+00 1.000000000000000000e+00 1.094761976977994822e-01 3.965163212333843723e-01 1.312528976961199745e-02 4.357643806384854379e-01 3.701131542331192570e+00
2.973739504549361534e+00 0.000000000000000000e+00 0.000000000000000000e+00 5.000000000000000000e-01 1.338003403193293098e-02 1.670116358595259420e-01 1.048281367670043651e-01
2.972336900511914681e+00 1.000000000000000000e+00 1.131889245999633670e-01 3.932169417260847344e-01 1.334319543012017772e-02 3.919848542421870974e-01 1.405419230991568291e+00
2.953584117051545110e+00 2.000000000000000000e+00 2.292615940978419975e-01 2.970188451662998386e-01 1.328951285997417853e-02 3.983753834198640043e-01 9.173228695827462253e-01
2.941393342979476966e+00 1.000000000000000000e+00 1.155829539804660577e-01 3.910967556449592153e-01 1.348168959723324879e-02 2.143689103275512320e-01 2.158569110277257508e+00
2.912292184260543149e+00 2.000000000000000000e+00 2.358088532380183122e-01 2.919940543946962785e-01 1.346694544163650441e-02 3.244431009371475660e-01 1.388135052685662840e+00
2.893598245240402100e+00 1.000000000000000000e+00 1.194327783140548549e-01 3.876993159538522082e-01 1.370122001421309604e-02 2.878332329355123287e-01 1.254001902005827063e+00
2.876416889282778389e+00 2.000000000000000000e+00 2.417276530350897512e-01 2.874884760858366084e-01 1.362454494052527977e-02 8.647487614963047520e-01 9.548974207767099154e-01
2.863406846459814581e+00 1.000000000000000000e+00 1.219646241925785579e-01 3.854730605846399261e-01 1.384352939771914086e-02 4.062329187683998422e-01 2.548349702564250752e+00
2.828128692436697733e+00 0.000000000000000000e+00 0.000000000000000000e+00 5.000000000000000000e-01 1.406892687711891639e-02 5.647890962601745946e-01 2.689210434617720580e+00
2.790294387474876014e+00 -1.000000000000000000e+00 -1.284398970912178917e-01 6.201914935088165270e-01 1.420039101259040759e-02 8.358269096441170998e-01 6.384016605435431924e-01
2.781228834272070571e+00 -2.000000000000000000e+00 -2.585571482802222487e-01 7.251312488168217829e-01 1.405873039491490305e-02 7.260063365263575985e-01 7.548183361759296384e-01
2.770617046786635118e+00 -3.000000000000000000e+00 -3.908123242882209913e-01 8.144451878804401801e-01 1.376625593338765344e-02 9.916265670331981807e-01 1.091654835918618227e+00
2.755589046924459051e+00 -4.000000000000000000e+00 -5.267821999708282021e-01 8.880324568677753216e-01 1.326853477289295993e-02 9.372289531110841176e-01 5.341915759447388723e+00
2.684709651916366457e+00 -5.000000000000000000e+00 -6.937058485923950357e-01 9.530919464067475477e-01 1.241044815320984165e-02 9.594297685471157022e-01 2.823124340154560485e+00
2.649673413662813726e+00 -6.000000000000000000e+00 -8.546072132371851371e-01 9.894304687786712460e-01 1.026499643918865785e-02 9.990924797292550785e-01 1.373402636731900994e+00
2.635575440487188281e+00 -7.000000000000000000e+00 -1.000000000000000000e+00 1.000000000000000000e+00 0.000000000000000000e+00 1.327637397089916904e-01 6.959847405464912873e-01
