5.000000000000000000e+00 0.000000000000000000e+00 0.000000000000000000e+00 5.000000000000000000e-01 7.957747154594766933e-03 4.378220323332321362e-01 5.256131097506870020e+00
4.958173037714638021e+00 1.000000000000000000e+00 4.067772362619069548e-02 4.601496149735136987e-01 8.021556016782038431e-03 9.467195228828509945e-01 2.679699506429863209e+00
4.936677678015668036e+00 0.000000000000000000e+00 0.000000000000000000e+00 5.000000000000000000e-01 8.059820463905027765e-03 7.427271455779316245e-02 2.113321699525663622e+00
4.919644684535016133e+00 1.000000000000000000e+00 4.131735627061310090e-02 4.595362056939832907e-01 8.084270864596310516e-03 1.330696953354737477e-01 3.826613384682580943e+00
4.888709305439152608e+00 2.000000000000000000e+00 8.368383375040530647e-02 4.198176582651774180e-01 8.124604744202014797e-03 6.097788888868249657e-03 2.937711431317652000e+00
4.864841561207172482e+00 3.000000000000000000e+00 1.267604736714554314e-01 3.812736351712504579e-01 8.145713399871216606e-03 5.706050714230721521e-01 2.087741113936831372e+00
4.847835420439914778e+00 2.000000000000000000e+00 8.510092107967212605e-02 4.185201623046321817e-01 8.192611983883921201e-03 8.016090978224126307e-01 2.715403102632828247e+00
4.825589176440209904e+00 1.000000000000000000e+00 4.294368499604549194e-02 4.579783950444742957e-01 8.241558322713182089e-03 9.232826934253731688e-01 4.613097302724173510e+00
4.787570065971458178e+00 0.000000000000000000e+00 0.000000000000000000e+00 5.000000000000000000e-01 8.310841454996062763e-03 4.019585286501206056e-01 2.171873270028258585e+00
4.769519971563909166e+00 1.000000000000000000e+00 4.395928871355942597e-02 4.570069208185416065e-01 8.338259465759537484e-03 9.523977405223965631e-01 2.559374365541930541e+00
4.748179244034006707e+00 0.000000000000000000e+00 0.000000000000000000e+00 5.000000000000000000e-01 8.379788067808854879e-03 2.089971911052321829e-01 6.714934294503772882e+00
4.691909517756803538e+00 1.000000000000000000e+00 4.542560743717536514e-02 4.556061354683428322e-01 8.475906993680677737e-03 4.006312147623529718e-01 4.564807193804373497e+00
4.653218636538032804e+00 2.000000000000000000e+00 9.236832708635517308e-02 4.118976268380107886e-01 8.532481800305136144e-03 4.143700393396019255e-01 1.863964448545819996e+00
4.637314393804399693e+00 1.000000000000000000e+00 4.650149536742780726e-02 4.545796991682756749e-01 8.575481286458661728e-03 6.126753193654692620e-01 4.072502995021380023e+00
4.602390720581547079e+00 0.000000000000000000e+00 0.000000000000000000e+00 5.000000000000000000e-01 8.645232051907628459e-03 3.674258247952475465e-01 1.407402957210006855e+00
4.590223395425925723e+00 1.000000000000000000e+00 4.746050507881507952e-02 4.536657446923530457e-01 8.663261251065800320e-03 7.270214606936846735e-01 2.808618424475644915e+00
4.565891600260136407e+00 0.000000000000000000e+00 0.000000000000000000e+00 5.000000000000000000e-01 8.714340868431242823e-03 8.614128618320747721e-01 2.912403917459284397e+00
4.540511919776841765e+00 -1.000000000000000000e+00 -4.850543008873359901e-02 5.473290417146871034e-01 8.757890167520359509e-03 5.910520698585128851e-01 3.157900342477825806e+00
4.512855375417445636e+00 -2.000000000000000000e+00 -9.820354468677813808e-02 5.933815765922541008e-01 8.795393843874016113e-03 4.730341100281167943e-01 2.738412350265060802e+00
4.488769960289936023e+00 -1.000000000000000000e+00 -4.963011726652759303e-02 5.483985429965829717e-01 8.858597012394459763e-03 9.569083548822095997e-01 2.892509926502358830e+00
4.463146380496700871e+00 -2.000000000000000000e+00 -1.004032414373444426e-01 5.953628359917816359e-01 8.892370554768333837e-03 9.556524693693033701e-01 2.125730909150445047e+00
4.444243593552810623e+00 -3.000000000000000000e+00 -1.518887278336891467e-01 6.403536350122208676e-01 8.900629691511249483e-03 9.572241021894052349e-01 5.227607115140663119e+00
4.397714598448233758e+00 -4.000000000000000000e+00 -2.068263695881319697e-01 6.854377960096287303e-01 8.948709787847671654e-03 6.437510785949497327e-01 2.992252304434969368e+00
4.370937800963826447e+00 -3.000000000000000000e+00 -1.570261569040851679e-01 6.446975499280519495e-01 9.046203921495564806e-03 5.768387174378292181e-01 4.241663555901846294e+00
4.332566847470761928e+00 -2.000000000000000000e+00 -1.065465646071105527e-01 6.008704793923219656e-01 9.157427802643699002e-03 7.580683136974911696e-01 3.175895516807313967e+00
4.303483813566859162e+00 -3.000000000000000000e+00 -1.619872777757709603e-01 6.488673386951685496e-01 9.184243023520787669e-03 5.763222284536010376e-01 1.476394967122666602e+00
4.289924243390101921e+00 -2.000000000000000000e+00 -1.086752754769190338e-01 6.027701177269269017e-01 9.247379497584520477e-03 3.750497886787435009e-01 1.949929980494719217e+00
4.271892500866750098e+00 -1.000000000000000000e+00 -5.479732635432810195e-02 5.532959528665367666e-01 9.307074548277859127e-03 4.312654970995519754e-01 1.346219914105441839e+00
4.259363131767794464e+00 0.000000000000000000e+00 0.000000000000000000e+00 5.000000000000000000e-01 9.341475366637741126e-03 1.884640929518462960e-01 4.890259776854504636e+00
4.213680890525848710e+00 1.000000000000000000e+00 5.632182446838047279e-02 4.452642494873430556e-01 9.435249778233225845e-03 4.616845917513906494e-01 6.151019955154017893e+00
4.155644480858073919e+00 0.000000000000000000e+00 0.000000000000000000e+00 5.000000000000000000e-01 9.574624575381890032e-03 1.523123675070829908e-01 2.994944438362409311e+00
4.126969012236625822e+00 1.000000000000000000e+00 5.871344781725433559e-02 4.430101866600403837e-01 9.632828791436041233e-03 6.067323940504011359e-01 3.787190114353928827e+00
4.090487658264435389e+00 0.000000000000000000e+00 0.000000000000000000e+00 5.000000000000000000e-01 9.727137470414936454e-03 4.315531822828634345e-01 3.430122061732691741e+00
4.057122389429657972e+00 1.000000000000000000e+00 6.075244792688976048e-02 4.410929820376649491e-01 9.798066310429905112e-03 8.808071895988789368e-01 1.435751140093922684e+00
4.043054804553742443e+00 0.000000000000000000e+00 0.000000000000000000e+00 5.000000000000000000e-01 9.841255609040790164e-03 5.721729350997371011e-01 5.044458023375008260e+00
3.993411003736632381e+00 -1.000000000000000000e+00 -6.270641602098761536e-02 5.607403687158890593e-01 9.953782713417191202e-03 3.775926477304674123e-01 2.757602476341558972e+00
3.965962427877147256e+00 0.000000000000000000e+00 0.000000000000000000e+00 5.000000000000000000e-01 1.003255489595534893e-02 3.331980469591784288e-01 3.424525559203150493e+00
3.931605687211839673e+00 1.000000000000000000e+00 6.469341704386821768e-02 4.373992020605377284e-01 1.010961430360889264e-02 3.655218157130110113e-01 1.990542472805384211e+00
3.911482070556825175e+00 2.000000000000000000e+00 1.307215858679426634e-01 3.778224806379723022e-01 1.012845981321040291e-02 4.086821959787345637e-01 2.979728744822087716e+00
3.881302007710626611e+00 1.000000000000000000e+00 6.638120414452933216e-02 4.358220279873095127e-01 1.024007071461758601e-02 2.496856658148710606e-01 3.616299908778941585e+00
3.844270840919465027e+00 2.000000000000000000e+00 1.353324800817255202e-01 3.738249600008097806e-01 1.030230914231689346e-02 4.954984485426621177e-01 1.604604509993038608e+00
3.827739709206360974e+00 1.000000000000000000e+00 6.825197214360494147e-02 4.340771937071407627e-01 1.038270448552556201e-02 8.410155516027518763e-01 4.099628497840854813e+00
3.785174478012840460e+00 0.000000000000000000e+00 0.000000000000000000e+00 5.000000000000000000e-01 1.051173096619374865e-02 9.393012969215411845e-01 1.794812583838697240e+00
3.766307890996789087e+00 -1.000000000000000000e+00 -7.049663049723862984e-02 5.680117430415065893e-01 1.055122906409415237e-02 9.237025619011294264e-01 4.897979142731542446e+00
3.714628191110672883e+00 -2.000000000000000000e+00 -1.449436838174817110e-01 6.344393480781906902e-01 1.065450758386512868e-02 8.751030702316542342e-02 2.619410545258615386e+00
3.686719661590958541e+00 -1.000000000000000000e+00 -7.357322103026199545e-02 5.708667116038781408e-01 1.077780490546429229e-02 7.331561551121777986e-01 9.232493640951989766e-01
3.676769060065646411e+00 -2.000000000000000000e+00 -1.479439775572010396e-01 6.370002673094782297e-01 1.076178600900487732e-02 9.184013504203103473e-01 5.157141775181972143e+00
3.621269003863038627e+00 -3.000000000000000000e+00 -2.287703202095076327e-01 7.026023905051272944e-01 1.083986189271586402e-02 3.385277518792193518e-01 1.967921875920716490e-01
3.619135803727975276e+00 -2.000000000000000000e+00 -1.526933896297203441e-01 6.410357540114135499e-01 1.092914798456165806e-02 4.665108807060609486e-01 4.606230657488382896e+00
3.568793627221260145e+00 -1.000000000000000000e+00 -7.851581274195970628e-02 5.754334463166944635e-01 1.113183569676070607e-02 4.301949124225432630e-01 1.291586704663991503e+00
3.554415896236819972e+00 0.000000000000000000e+00 0.000000000000000000e+00 5.000000000000000000e-01 1.119416999431594589e-02 9.403976948868931762e-01 2.323943684252788966e+00
3.528401275578077367e+00 -1.000000000000000000e+00 -8.032376542552722987e-02 5.770978117794596240e-01 1.125845573869619851e-02 8.547814993706479569e-01 3.370633405538417282e+00
3.490453148570452413e+00 -2.000000000000000000e+00 -1.641596319527014736e-01 6.506854395712782235e-01 1.132145301652656179e-02 8.789121960280232848e-02 2.380142610571990502e+00
3.463506475832228926e+00 -1.000000000000000000e+00 -8.336197436718639775e-02 5.798873649819886733e-01 1.146796452137713480e-02 3.197797327085221131e-01 2.009573980480678479e+00
3.440460752720993831e+00 0.000000000000000000e+00 0.000000000000000000e+00 5.000000000000000000e-01 1.156494395162208956e-02 4.102318218148179874e-01 7.358284022427381110e+00
3.355362610421504854e+00 1.000000000000000000e+00 8.882210850048133377e-02 4.151225749787543218e-01 1.183477087201644309e-02 8.743275097909588567e-01 8.122001009928421666e+00
3.259240589446716019e+00 0.000000000000000000e+00 0.000000000000000000e+00 5.000000000000000000e-01 1.220797749690774245e-02 2.178422046650319022e-01 2.787342660132295702e+00
3.225212772975650122e+00 1.000000000000000000e+00 9.613538232793066018e-02 4.084856235397380519e-01 1.230814190826175214e-02 1.956003971104830486e-01 3.976423401732142704e+00
3.176270389459797894e+00 2.000000000000000000e+00 1.982417230497763583e-01 3.214081673290957175e-01 1.240131764353182182e-02 8.792661505804432176e-01 5.625470283192566257e-01
3.169294065072185695e+00 1.000000000000000000e+00 9.955771613135883102e-02 4.053981532892872996e-01 1.252318320802651985e-02 8.110524447416057603e-01 9.007750770472482404e-01
3.158013493753098810e+00 0.000000000000000000e+00 0.000000000000000000e+00 5.000000000000000000e-01 1.259929251463946451e-02 1.592160542724576633e-01 4.350692108617753462e+00
3.103197851235490301e+00 1.000000000000000000e+00 1.038439186434927108e-01 4.015478610761254452e-01 1.278709555220424419e-02 7.178822872895597174e-01 2.762310033527882958e+00
3.067875928891956594e+00 0.000000000000000000e+00 0.000000000000000000e+00 5.000000000000000000e-01 1.296947356907767086e-02 4.167374412550469698e-01 2.189830948572610403e+00
3.039474974283695730e+00 1.000000000000000000e+00 1.082437566176833038e-01 3.976145988056708491e-01 1.305208959048714812e-02 3.949573867022858620e-01 5.446043865314110555e+00
2.968392721839892889e+00 2.000000000000000000e+00 2.269798368484442774e-01 2.987800863194289280e-01 1.322689403160236081e-02 1.923362524552267860e-01 2.006349588108296444e+00
2.941854948447635287e+00 3.000000000000000000e+00 3.466400539845258533e-01 2.134396095286716366e-01 1.309234745447277956e-02 9.415842466812551770e-02 2.018880090811982608e+00
2.915423068829807285e+00 4.000000000000000000e+00 4.706053060716829384e-01 1.401293709797282183e-01 1.279462171555751336e-02 2.793994214907158380e-02 4.989927631855007206e+00
2.851578832392214657e+00 5.000000000000000000e+00 6.148925622860212936e-01 7.415386929131295712e-02 1.230415102899793181e-02 7.054530046639813090e-01 5.560990097347783490e+00
2.783155570363685438e+00 4.000000000000000000e+00 5.163985637334080891e-01 1.169351745795552677e-01 1.318996509796905095e-02 4.475793117874582450e-02 6.807332599352137414e+00
2.693367090967963673e+00 5.000000000000000000e+00 6.892533817370306570e-01 4.828173038093580560e-02 1.241300300258602572e-02 2.218296844332390272e-02 2.142118489458852526e+00
2.666776967726415926e+00 6.000000000000000000e+00 8.436802044410770529e-01 1.221793924179170876e-02 1.042372277371327212e-02 2.119096334200265552e-03 3.763673882436529894e+00
2.627545474565232464e+00 7.000000000000000000e+00 1.000000000000000000e+00 0.000000000000000000e+00 0.000000000000000000e+00 5.451484716017712673e-01 2.345254198653899280e+00
