5.000000000000000000e+00 0.000000000000000000e+00 0.000000000000000000e+00 5.000000000000000000e-01 7.957747154594766933e-03 1.989489422592559675e-01 2.331616218080534431e+00
4.981445587674962816e+00 1.000000000000000000e+00 4.029853128933805206e-02 4.605134545227008158e-01 7.984141952049664953e-03 8.430473530417035288e-01 2.794004037984560096e+00
4.959137862821093812e+00 0.000000000000000000e+00 0.000000000000000000e+00 5.000000000000000000e-01 8.023317131647415487e-03 5.304605413865466357e-01 1.279364613120447913e+00
4.948873114803021167e+00 -1.000000000000000000e+00 -4.083075044081022065e-02 5.399971753500303340e-01 8.036605013476671652e-03 3.966752634926975496e-01 8.097286593336711746e+00
4.883798420771453763e+00 0.000000000000000000e+00 0.000000000000000000e+00 5.000000000000000000e-01 8.147088054197112322e-03 2.647109653661277040e-01 3.768151518934382160e+00
4.853098958545138508e+00 1.000000000000000000e+00 4.245821246548932976e-02 4.584431374373929557e-01 8.194926199750603157e-03 6.812130216428762264e-01 1.782930680413361113e+00
4.838487973199879555e+00 0.000000000000000000e+00 0.000000000000000000e+00 5.000000000000000000e-01 8.223382179176938478e-03 8.377395037630072094e-01 6.465537954036464363e-01
4.833171114240878197e+00 -1.000000000000000000e+00 -4.280905663110942672e-02 5.418927489662866970e-01 8.228653351657408757e-03 4.304036167917164590e-01 3.190051838766782666e+00
4.806921283485849017e+00 0.000000000000000000e+00 0.000000000000000000e+00 5.000000000000000000e-01 8.277384510053829511e-03 4.464940748125624248e-01 8.414512593298859144e+00
4.737271127286423855e+00 1.000000000000000000e+00 4.455982918429439443e-02 4.564329600041723278e-01 8.394910098705707022e-03 7.678429176439017789e-01 1.730445080975385741e+00
4.722744196400888050e+00 0.000000000000000000e+00 0.000000000000000000e+00 5.000000000000000000e-01 8.424918674040415487e-03 9.090429769322627696e-01 1.570584697986858069e+00
4.709512148049656233e+00 -1.000000000000000000e+00 -4.508666964209279149e-02 5.440702657523851515e-01 8.444291729447944359e-03 1.209364781292665558e-01 4.183053208854151883e+00
4.674189226434288358e+00 0.000000000000000000e+00 0.000000000000000000e+00 5.000000000000000000e-01 8.512435814098764583e-03 1.664882119569183194e-01 4.089377066401327920e-01
4.670708170454549446e+00 1.000000000000000000e+00 4.583893658007291011e-02 4.552116674733230894e-01 8.514300450909631501e-03 7.757636227904903814e-01 1.734507219236943509e+00
4.655940054855694399e+00 0.000000000000000000e+00 0.000000000000000000e+00 5.000000000000000000e-01 8.545800698502989054e-03 9.056308096968139765e-01 1.060200685057064884e+00
4.646879791100780643e+00 -1.000000000000000000e+00 -4.631024984698916408e-02 5.452379302265438765e-01 8.557867113644281737e-03 2.520772529248656024e-01 5.887667226122111686e+00
4.596493917370269244e+00 0.000000000000000000e+00 0.000000000000000000e+00 5.000000000000000000e-01 8.656322947064320344e-03 5.865798393998189475e-01 2.333700196470218202e+00
4.576292654807995852e+00 -1.000000000000000000e+00 -4.774989492244220701e-02 5.466098686898900327e-01 8.689573149809143304e-03 6.324012970305559200e-01 2.346065593145245654e+00
4.555906346222109882e+00 -2.000000000000000000e+00 -9.635636761733193389e-02 5.917140928271287237e-01 8.713074060740082574e-03 9.151042750238931323e-01 9.507110009404967643e-01
4.547622730860554796e+00 -3.000000000000000000e+00 -1.450615780197435367e-01 6.345401473109544277e-01 8.702829849261288497e-03 2.987397067246815308e-01 5.180969437908342634e+00
4.502533635388215494e+00 -2.000000000000000000e+00 -9.865431013557209028e-02 5.937879736814092313e-01 8.815358704874912479e-03 7.445596391246693813e-01 2.665543556724028207e+00
4.479035912792225460e+00 -3.000000000000000000e+00 -1.495382057724847780e-01 6.383573682796577220e-01 8.833101256505545423e-03 7.184310898820588376e-01 2.797635805425577438e+00
4.454324112444076000e+00 -4.000000000000000000e+00 -2.016027082794719927e-01 6.812808822866630587e-01 8.839952854885911940e-03 6.263756684209854653e-01 6.126947814855069119e+00
4.400162182616410789e+00 -3.000000000000000000e+00 -1.549472548612520206e-01 6.429429289667331071e-01 8.987624784437374045e-03 7.724813385100474106e-01 3.788264074515431123e-01
4.396757433007800309e+00 -4.000000000000000000e+00 -2.069164307773950773e-01 6.855092261145667720e-01 8.950569844244592871e-03 8.338951450694136458e-01 2.891685828064907149e+00
4.370875197036093063e+00 -5.000000000000000000e+00 -2.617177584985525551e-01 7.274696659417991818e-01 8.941689171970700761e-03 2.436057335652149769e-01 8.299902380145829373e-02
4.370133045563683538e+00 -4.000000000000000000e+00 -2.094453261759673113e-01 6.875116538474885797e-01 9.002594927036094638e-03 6.373683363310919114e-01 1.849889684817709545e+00
4.353479238071567003e+00 -3.000000000000000000e+00 -1.582881121564258253e-01 6.457605489314032221e-01 9.081549187280621091e-03 8.678851024635059197e-01 1.315192550827102957e+00
4.341535252230485753e+00 -4.000000000000000000e+00 -2.122136562088662304e-01 6.896963382680987298e-01 9.059096717566628501e-03 2.175271320724923019e-01 4.813265325679388362e-01
4.337174868619221968e+00 -3.000000000000000000e+00 -1.594804268802041680e-01 6.467634236012580473e-01 9.114797257704705669e-03 9.881315343404611928e-01 4.888658547862905213e-01
4.332718955466630106e+00 -4.000000000000000000e+00 -2.130781674314747576e-01 6.903770147134969948e-01 9.076646370104440864e-03 2.941219698635411106e-01 6.739743990573169308e-01
4.326601528183883438e+00 -3.000000000000000000e+00 -1.602608552377669526e-01 6.474190843769966897e-01 9.136483258377009822e-03 4.490150629820810479e-02 1.584579278754549625e+00
4.312124046131970978e+00 -2.000000000000000000e+00 -1.075591853913921148e-01 6.017746962103621700e-01 9.200335163921338766e-03 3.056918623333495511e-01 7.424198952155439457e+00
4.243818927448507416e+00 -1.000000000000000000e+00 -5.552471130397926974e-02 5.539832145212841841e-01 9.368453740380916842e-03 9.805554320665654799e-03 3.034556918339485487e-01
4.240976016837305629e+00 0.000000000000000000e+00 0.000000000000000000e+00 5.000000000000000000e-01 9.381976133561386114e-03 1.054451659275338349e-01 5.159288308143302082e+00
4.192571697064142455e+00 1.000000000000000000e+00 5.689040213103198351e-02 4.447278567962832940e-01 9.482602136091887457e-03 3.537889992004811246e-01 5.581880306920248280e+00
4.139640946942331645e+00 2.000000000000000000e+00 1.167090805095981204e-01 3.901014242270998134e-01 9.578684456757920185e-03 1.404969365542841908e-01 2.547559535555934840e+00
4.115238678016436502e+00 3.000000000000000000e+00 1.771459375628142152e-01 3.385444040346899941e-01 9.591567702946151436e-03 9.422649280774362257e-01 2.505763298628883806e+00
4.091204479690079943e+00 2.000000000000000000e+00 1.194889165481053256e-01 3.876498840408146851e-01 9.690469161285649932e-03 2.196645077479808528e-01 8.162776969424744067e+00
4.012103341197416739e+00 3.000000000000000000e+00 1.863704411329451249e-01 3.309965295310991484e-01 9.829531701914329470e-03 3.577234125708216306e-01 5.120460749441732018e-01
4.007070168070912430e+00 2.000000000000000000e+00 1.245592833173680136e-01 3.831982242129001737e-01 9.890816592523440226e-03 3.953225110649115637e-01 3.522735178911664544e+00
3.972227440512266838e+00 1.000000000000000000e+00 6.337701574200420296e-02 4.386313073201769108e-01 1.000665284333014660e-02 5.809513032038449154e-01 1.162998536684384909e+00
3.960589717898365336e+00 0.000000000000000000e+00 0.000000000000000000e+00 5.000000000000000000e-01 1.004616448736508037e-02 5.527161756960582428e-01 5.332472839889516258e+00
3.907018818624428569e+00 -1.000000000000000000e+00 -6.551021034178271252e-02 5.633644165122704273e-01 1.017296218870717035e-02 6.953119743305955502e-01 3.610646510370646212e+00
3.870287848197640379e+00 -2.000000000000000000e+00 -1.335191204904566109e-01 6.246054427221841010e-01 1.023433057870611063e-02 4.977107032924568131e-01 4.112850050581069450e-01
3.866078621493810985e+00 -1.000000000000000000e+00 -6.690500948471705955e-02 5.646668693376419856e-01 1.028021241797219369e-02 7.627747596122869123e-01 3.064299917329564416e+00
3.834576967431288619e+00 -2.000000000000000000e+00 -1.360175904337363462e-01 6.267671979800365500e-01 1.032786226476410142e-02 2.774923220745918462e-01 2.804822426547226133e+00
3.805609147732787356e+00 -1.000000000000000000e+00 -6.904808453463703866e-02 5.666642655456858302e-01 1.044279542872060193e-02 7.475136345120596548e-01 2.491190522260253282e+00
3.779594154734855938e+00 -2.000000000000000000e+00 -1.400037467501119848e-01 6.302032221980772286e-01 1.047515270589288033e-02 7.284286860426392174e-01 2.951470246349072735e+00
3.748677053197450260e+00 -3.000000000000000000e+00 -2.134839349711410150e-01 6.906962397257598862e-01 1.049030196686677636e-02 7.824178037292238708e-01 1.351782566916951867e+00
3.734496445876945181e+00 -4.000000000000000000e+00 -2.868110572557560634e-01 7.456807659736737204e-01 1.042576511904428835e-02 5.133589832391033392e-01 4.469748852383893301e+00
3.687895894200873048e+00 -3.000000000000000000e+00 -2.205788910782004175e-01 6.962513674835560940e-01 1.065447926000530864e-02 9.177926478126749998e-01 1.349278262699601161e+00
3.673520036934964317e+00 -4.000000000000000000e+00 -2.964115792837792029e-01 7.524816671170271309e-01 1.058225831672845660e-02 9.664867494576564466e-01 4.547376349434300913e+00
3.625398525741868827e+00 -5.000000000000000000e+00 -3.804157564737182251e-01 8.080576825869825175e-01 1.054630662074745005e-02 6.282035933529050986e-02 1.053128315985753405e+00
3.614291911610491681e+00 -4.000000000000000000e+00 -3.062058895611424192e-01 7.593248661601771365e-01 1.073781551104034497e-02 7.073064903411926396e-01 4.648959583353158287e+00
3.564372241286162257e+00 -3.000000000000000000e+00 -2.361321650641644287e-01 7.082529653752195342e-01 1.100279946972277691e-02 4.288690894542601661e-01 1.997806620117017040e+00
3.542390775665730018e+00 -2.000000000000000000e+00 -1.593811877794721332e-01 6.466800062704745056e-01 1.115991855849906428e-02 8.146674560467860315e-01 2.872504136668434072e+00
3.510333863441558844e+00 -3.000000000000000000e+00 -2.434582003943565609e-01 7.138222527247272131e-01 1.116161608674694217e-02 7.156313687517994460e-01 1.925696158722141504e+00
3.488839982218178815e+00 -4.000000000000000000e+00 -3.286229499659622522e-01 7.746264283437965803e-01 1.107883066834622343e-02 9.800926705772008418e-01 1.614354906366172404e+00
3.470954817571934026e+00 -5.000000000000000000e+00 -4.150229218458993952e-01 8.289009090171456373e-01 1.092199459620836303e-02 7.985090371459235836e-02 9.483199067997321041e-01
3.460597272674390545e+00 -4.000000000000000000e+00 -3.340087691049492546e-01 7.782278401854476613e-01 1.115773396937798020e-02 1.269229053876917979e-01 2.877889847269496926e+00
3.428486543365383721e+00 -3.000000000000000000e+00 -2.552209707929618543e-01 7.226520988267108869e-01 1.140993125625975289e-02 8.119747859416308611e-01 5.538866013317433001e+00
3.365288462915798195e+00 -4.000000000000000000e+00 -3.531956922376500718e-01 7.908220937300336484e-01 1.142958125967780646e-02 4.829853701198110194e-01 2.020047149322125701e+00
3.342200169874240512e+00 -3.000000000000000000e+00 -2.685692836754064450e-01 7.325045536084460185e-01 1.168216865912476490e-02 7.156642086419797710e-01 1.920377308299116015e+00
3.319765998269534002e+00 -2.000000000000000000e+00 -1.814742669114891016e-01 6.650078121359579431e-01 1.188506605248820965e-02 9.438986597820457902e-01 1.974412590367442988e+00
3.296299974218152684e+00 -3.000000000000000000e+00 -2.761008862028139776e-01 7.379850365218243446e-01 1.183147390108762326e-02 4.328418026840222810e-01 2.898534062134408007e+00
3.262006044110596026e+00 -2.000000000000000000e+00 -1.879578518443935364e-01 6.702937748094139891e-01 1.208795189746248062e-02 4.186669756617046323e-01 9.645591754291302777e+00
3.145410594962162243e+00 -1.000000000000000000e+00 -1.010753629124307995e-01 5.959672484184910246e-01 1.261730048494764944e-02 1.065415678487801054e-01 6.849016467771036787e+00
3.058994496161940191e+00 0.000000000000000000e+00 0.000000000000000000e+00 5.000000000000000000e-01 1.300712891863518329e-02 8.228188972024358394e-01 7.516335724273258911e+00
2.961228548400574923e+00 -1.000000000000000000e+00 -1.140397206267504820e-01 6.075371916864368282e-01 1.339259139590755904e-02 7.338362997554730427e-01 1.350431188309480390e+00
2.943142775287256097e+00 -2.000000000000000000e+00 -2.308911751692297176e-01 7.042358077837157504e-01 1.333398434419346031e-02 4.034142152000494974e-01 1.493348178603254972e+00
2.923230494053330464e+00 -1.000000000000000000e+00 -1.170237145047313271e-01 6.101764396264889312e-01 1.356429909871127368e-02 7.650340925701878403e-01 1.297622120365393483e+00
2.905629159495590308e+00 -2.000000000000000000e+00 -2.368915803421393906e-01 7.088327699236411927e-01 1.349597167157727366e-02 9.066286002953983791e-01 6.863398032207358446e-01
2.896366336954247167e+00 -3.000000000000000000e+00 -3.576138022567775798e-01 7.936699864745027089e-01 1.326770139177096443e-02 8.199290725210789388e-01 4.380028703803728440e+00
2.838253424024793858e+00 -4.000000000000000000e+00 -4.965438993533162759e-01 8.732659773608181242e-01 1.302821535008765255e-02 9.195574431047196517e-01 7.894540187021267252e-01
2.827968247060150375e+00 -5.000000000000000000e+00 -6.252028465649328570e-01 9.297635468884853926e-01 1.233487503934442044e-02 4.817931760925863172e-01 3.576402467772651583e+00
2.783853769529771593e+00 -4.000000000000000000e+00 -5.161395674907873765e-01 8.829395409259988003e-01 1.318795200772861394e-02 9.660810928868363012e-01 4.714428822890387671e+00
2.721680108469640480e+00 -5.000000000000000000e+00 -6.749876796298979187e-01 9.471834958038209962e-01 1.241371405173460896e-02 9.607831679536927849e-01 5.318829118455832727e+00
2.655653684703090267e+00 -6.000000000000000000e+00 -8.507625641345222256e-01 9.888640938681487746e-01 1.032301178523907861e-02 9.905087507931266133e-01 3.495523917660682489e+00
2.619569350105494188e+00 -7.000000000000000000e+00 -1.000000000000000000e+00 1.000000000000000000e+00 0.000000000000000000e+00 6.100427951040514607e-01 2.361329750819821438e+00
