5.000000000000000000e+00 0.000000000000000000e+00 0.000000000000000000e+00 5.000000000000000000e-01 7.957747154594766933e-03 6.420767856487942238e-01 3.811515728492834487e+00
4.969668921556892549e+00 -1.000000000000000000e+00 -4.048974912152283195e-02 5.396700392295609161e-01 8.003031068947173352e-03 2.561362477519221192e-01 2.773324769745744600e+00
4.947473917260336584e+00 0.000000000000000000e+00 0.000000000000000000e+00 5.000000000000000000e-01 8.042232549051384072e-03 5.787615982626737043e-01 2.956878709709036546e+00
4.923694011057517805e+00 -1.000000000000000000e+00 -4.124942407660935062e-02 5.403986665832833935e-01 8.077633578865527422e-03 9.321457284238580110e-01 1.842742905324146863e+00
4.908809009088255237e+00 -2.000000000000000000e+00 -8.299992991985578883e-02 5.795554357365053644e-01 8.091570196809115198e-03 7.507243492787826211e-01 2.676970104527721439e+00
4.887148117572709616e+00 -3.000000000000000000e+00 -1.256059612413077675e-01 6.177175324916313048e-01 8.109136289611651796e-03 2.175364221265179143e-01 4.357759452438162207e+00
4.851810452255545414e+00 -2.000000000000000000e+00 -8.496153381457210996e-02 5.813523027005097488e-01 8.185948825113129046e-03 2.869540833375121558e-01 4.697092831220824216e+00
4.813360290712365597e+00 -1.000000000000000000e+00 -4.316216875399824654e-02 5.422306823482239135e-01 8.262457982766171355e-03 8.773217622452922360e-02 1.384328408044263714e+00
4.801922335406549891e+00 0.000000000000000000e+00 0.000000000000000000e+00 5.000000000000000000e-01 8.286001520598346853e-03 5.384099415453292847e-01 2.543509317850010110e+00
4.780846813331188550e+00 -1.000000000000000000e+00 -4.375123767663718216e-02 5.427941522775183714e-01 8.318542398750150904e-03 7.747203641114346340e-01 3.358950323854531295e+00
4.752905242646908945e+00 -2.000000000000000000e+00 -8.853432565518050412e-02 5.846151622455717511e-01 8.354986558196096993e-03 7.734459440984317036e-01 1.720980600406406991e+00
4.738526472863597405e+00 -3.000000000000000000e+00 -1.336086673409397629e-01 6.246830293466287820e-01 8.359046476157143413e-03 6.782859808675112401e-02 5.417191776031468287e+00
4.693243915037494496e+00 -2.000000000000000000e+00 -9.079956003526677699e-02 5.866772799839677921e-01 8.460328615974207003e-03 7.363409368404172373e-02 2.834753668736227805e+00
4.669260967454647471e+00 -1.000000000000000000e+00 -4.586735586420313121e-02 5.448154486972164312e-01 8.516933831653330372e-03 1.821448544002670644e-01 2.703978951604400827e+00
4.646231357641649851e+00 0.000000000000000000e+00 0.000000000000000000e+00 5.000000000000000000e-01 8.563657878881421326e-03 3.024512636389964371e-01 8.994422860109077433e+00
4.569206197449685369e+00 1.000000000000000000e+00 4.789812197865189747e-02 4.532489930658890054e-01 8.703019016827793705e-03 1.854684485398829796e-01 4.959752992792582305e+00
4.526041372834643362e+00 2.000000000000000000e+00 9.763217323576033058e-02 4.071338473896084498e-01 8.770017975005412955e-03 2.299200985172525913e-01 6.232838353015994315e+00
4.471379268443389954e+00 3.000000000000000000e+00 1.500507729631532505e-01 3.612068442702666138e-01 8.847877327966194652e-03 8.424130863759937693e-01 5.832601815171768456e-01
4.466218653907038316e+00 2.000000000000000000e+00 1.002651558946299204e-01 4.047613948486573077e-01 8.886315911239848001e-03 8.254525737640979743e-01 1.569152505700444289e+00
4.452274669028470910e+00 1.000000000000000000e+00 5.044708800230884166e-02 4.508253663416474932e-01 8.931027798363291512e-03 1.240010177525749935e-01 2.534299627206511030e+00
4.429640768608507528e+00 2.000000000000000000e+00 1.019278774357386674e-01 4.032667686635388327e-01 8.958932179269683480e-03 7.905737403029232668e-01 4.037153692236460145e+00
4.393472182482472732e+00 1.000000000000000000e+00 5.180649824526060293e-02 4.495354583849575092e-01 9.050245649827339672e-03 9.071759335620932507e-02 1.641185710720198143e+00
4.378619048643468403e+00 2.000000000000000000e+00 1.043171399403998861e-01 4.011238929022725719e-01 9.062194362432158048e-03 1.936004891079123880e-01 2.188240398106620965e+00
4.358788788844099926e+00 3.000000000000000000e+00 1.579027175300645736e-01 3.545639165716251151e-01 9.070771932661052597e-03 4.825367142479516369e-01 3.058972678439308091e+00
4.331041545329735953e+00 2.000000000000000000e+00 1.066216247600676459e-01 3.990624606731706936e-01 9.160615686495834561e-03 8.472617710155472270e-01 2.713593002779359775e+00
4.306183362701710315e+00 1.000000000000000000e+00 5.392808052636677285e-02 4.475260384082623832e-01 9.233179710325388131e-03 4.390319461198048945e-01 1.417603018231447187e+00
4.293094379276479522e+00 2.000000000000000000e+00 1.085148372658620713e-01 3.973728976875561814e-01 9.240632685559871384e-03 8.181998495988349607e-01 1.723597469446305430e+00
4.277167248163565638e+00 1.000000000000000000e+00 5.466225386167804928e-02 4.468317271369411925e-01 9.295631237130135352e-03 1.187894786542046388e-01 5.472198963627830537e+00
4.226299704541475855e+00 2.000000000000000000e+00 1.119719941486441300e-01 3.942968695881678975e-01 9.384860388957777522e-03 5.530916091132427326e-01 2.905421629692059859e-01
4.223573006904904226e+00 1.000000000000000000e+00 5.605830843844626654e-02 4.455129585340437126e-01 9.413221253969242600e-03 3.041578515514189451e-01 2.216155832954132432e+00
4.202711841716032737e+00 2.000000000000000000e+00 1.132324145601863313e-01 3.931783752933786236e-01 9.436852779885573569e-03 9.622530709298918739e-01 1.869408662161078816e+00
4.185070507385775684e+00 1.000000000000000000e+00 5.709452205653380713e-02 4.445353701678982361e-01 9.499542975203396911e-03 2.794033474439492348e-01 8.504467735807176965e+00
4.104281950648244859e+00 2.000000000000000000e+00 1.187286747427910710e-01 3.883195743602986805e-01 9.660037659746429153e-03 5.248711713586794447e-01 8.293787151416685433e+00
4.024163654423638548e+00 1.000000000000000000e+00 6.175167346968255672e-02 4.401549611184705779e-01 9.878010787514100374e-03 4.283340611969939093e-01 1.367147670437219853e+00
4.010658954986935143e+00 2.000000000000000000e+00 1.243364686960184984e-01 3.833933100278794637e-01 9.882105875129811035e-03 2.304644265902207056e-01 6.042480418864793812e+00
3.950946523739314653e+00 3.000000000000000000e+00 1.921847626369455608e-01 3.262827288579639995e-01 9.975936332266246986e-03 1.166026112891349609e-02 2.413664916931776538e+00
3.926867956200578380e+00 4.000000000000000000e+00 2.593984610767487986e-01 2.742453197277440191e-01 9.956001054787274457e-03 3.036856579711239013e-01 1.352102266720921042e+00
3.913406424606924450e+00 3.000000000000000000e+00 1.958895855647961037e-01 3.232967793015776858e-01 1.006783527043711261e-02 6.055653105726236385e-01 1.366816963669422513e+00
3.899645536571861637e+00 2.000000000000000000e+00 1.315163446287856697e-01 3.771319298234730999e-01 1.015866165599146193e-02 4.150204627051362616e-01 3.214592784092241473e+00
3.866989576116476979e+00 1.000000000000000000e+00 6.687349129843020434e-02 4.353625406207903836e-01 1.027780158222138876e-02 3.388193956829221865e-02 8.478381411741973128e-01
3.858275663927649202e+00 2.000000000000000000e+00 1.343517997007093734e-01 3.746734033407004283e-01 1.026560814108730055e-02 9.004834366236510457e-01 2.502516142187870329e+00
3.832585813845203138e+00 1.000000000000000000e+00 6.807947915693789154e-02 4.342379285842020709e-01 1.036963741724250196e-02 6.392980714475529069e-01 3.710005180123074897e+00
3.794114405311235227e+00 0.000000000000000000e+00 0.000000000000000000e+00 5.000000000000000000e-01 1.048696257479086839e-02 2.934492313618969339e-01 2.226611306457231709e+00
3.770764015871812092e+00 1.000000000000000000e+00 7.033010924696012078e-02 4.321430528863845488e-01 1.053882225097460372e-02 3.661053287281265112e-01 1.183756848614013979e+00
3.758288612855895217e+00 2.000000000000000000e+00 1.415955939041222966e-01 3.684290622024082307e-01 1.053332540041666474e-02 1.802911443301232763e-01 7.835751802211620154e-01
3.750034960506935633e+00 3.000000000000000000e+00 2.133293556601688901e-01 3.094253513330225136e-01 1.048668670565890311e-02 4.879198882712416641e-01 8.311741188166447136e-01
3.741318697925053449e+00 2.000000000000000000e+00 1.428830087697802731e-01 3.673247683277722775e-01 1.058010875153151537e-02 4.348595547270949213e-01 1.210356262481013134e+00
3.728512997039906907e+00 1.000000000000000000e+00 7.193308351714791660e-02 4.306541007349945493e-01 1.065763531295432949e-02 8.429219776172784950e-01 3.858448746389437467e+00
3.687391057427162444e+00 0.000000000000000000e+00 0.000000000000000000e+00 5.000000000000000000e-01 1.079048442470758803e-02 8.794695893782711327e-02 3.279704942007996227e+00
3.652001452332788833e+00 1.000000000000000000e+00 7.497873636116965390e-02 4.278321690919892339e-01 1.087969360383386590e-02 6.821312893717216275e-01 4.295188060807411667e-01
3.647328419325545745e+00 0.000000000000000000e+00 0.000000000000000000e+00 5.000000000000000000e-01 1.090900823796159963e-02 1.981078885645426446e-02 1.820067750651633842e+00
3.627473285240038869e+00 1.000000000000000000e+00 7.599614357038297907e-02 4.268915633484021699e-01 1.095283605076190214e-02 6.927882357710083427e-01 2.369979550398904067e+00
3.601515287780861385e+00 0.000000000000000000e+00 0.000000000000000000e+00 5.000000000000000000e-01 1.104777644786575017e-02 5.789357692576413417e-01 2.176452257462532458e+00
3.577470329790962467e+00 -1.000000000000000000e+00 -7.813541422658683289e-02 5.750828427484067085e-01 1.110500354739881249e-02 6.279625129784625059e-01 1.792317352328093305e+00
3.557566639235294481e+00 -2.000000000000000000e+00 -1.580243118799259661e-01 6.455384703073638875e-01 1.111354786344410060e-02 2.250271595039343708e-01 1.151668084319122265e+00
3.544767520857412979e+00 -1.000000000000000000e+00 -7.958376559279517481e-02 5.764169777198306921e-01 1.120680947097706451e-02 3.501681933793521218e-01 1.045650996945553635e+00
3.533049109361507067e+00 0.000000000000000000e+00 0.000000000000000000e+00 5.000000000000000000e-01 1.126186886775668375e-02 3.280231973212929253e-01 9.597671993449190531e-01
3.522240337018910594e+00 1.000000000000000000e+00 8.060500834924090585e-02 4.226435753362496883e-01 1.127801985256970604e-02 4.039341277203107872e-01 2.113689563501752744e+00
3.498402104159568538e+00 2.000000000000000000e+00 1.634144831035299616e-01 3.499376635404669589e-01 1.129644191527079920e-02 4.367812824632248958e-01 8.117552353051081804e-01
3.489232158294527597e+00 1.000000000000000000e+00 8.213727056086314593e-02 4.212359950467310377e-01 1.138399442870814161e-02 5.678178186282304418e-01 3.333401471780262693e+00
3.451284734511133490e+00 0.000000000000000000e+00 0.000000000000000000e+00 5.000000000000000000e-01 1.152867376461473581e-02 4.241172800090872164e-01 1.126038793464661403e+00
3.438303000614979066e+00 1.000000000000000000e+00 8.458857474524882070e-02 4.189890387434674346e-01 1.155142686033195504e-02 4.345571184976915191e-03 5.281008793158588510e+00
3.377299813792037586e+00 2.000000000000000000e+00 1.753439410292863265e-01 3.400288077985545998e-01 1.168925266652393394e-02 9.049598108403963392e-01 1.748661905494737434e+00
3.356859262950384615e+00 1.000000000000000000e+00 8.874292365045396980e-02 4.151947295985611852e-01 1.182953634600709437e-02 8.740863776078910963e-02 7.360149276491653181e-01
3.348152547612555097e+00 2.000000000000000000e+00 1.784101349441910289e-01 3.375049531812112091e-01 1.178768679569908509e-02 6.842711671371692894e-02 4.342528568159918834e+00
3.296964180949710332e+00 3.000000000000000000e+00 2.759896507847434122e-01 2.620954928853989063e-01 1.182929082053205475e-02 4.258543081269494657e-02 1.351943645955734130e+00
3.280971646388729734e+00 4.000000000000000000e+00 3.715823155298146330e-01 1.974543930774347311e-01 1.167684917453329536e-02 2.625535813425502463e-01 9.728454537574835470e-01
3.269611876755073254e+00 3.000000000000000000e+00 2.806266101388243950e-01 2.587490370201794843e-01 1.191974198631242168e-02 2.536467773719948138e-01 3.909537343792836239e+00
3.223011200331209469e+00 4.000000000000000000e+00 3.850670535529604477e-01 1.890712643130187942e-01 1.185013989683249974e-02 9.598266545850024922e-01 3.148512601341300066e+00
3.185700885538374827e+00 3.000000000000000000e+00 2.956046505455105500e-01 2.480864041665561404e-01 1.220432956363187715e-02 8.472954331710278453e-01 2.134408002739879073e+00
3.159651866849684243e+00 2.000000000000000000e+00 2.003325536479926006e-01 3.197340123775703202e-01 1.246381190770365875e-02 4.144175060006972666e-01 6.087359862992660631e+00
3.083780158502838820e+00 1.000000000000000000e+00 1.051557875708238332e-01 4.003730822589962601e-01 1.286671811492332007e-02 3.245348987523127837e-01 3.976406725538653930e+00
3.032616854055047551e+00 2.000000000000000000e+00 2.174677730254599151e-01 3.061783431268665367e-01 1.296136285637341200e-02 5.043639023821623324e-01 2.649795497981089376e+00
2.998271893110529884e+00 1.000000000000000000e+00 1.112392297195435448e-01 3.949478533947551329e-01 1.322924724034656337e-02 4.264656864719695850e-01 2.870322026843178609e+00
2.960299693358008799e+00 0.000000000000000000e+00 0.000000000000000000e+00 5.000000000000000000e-01 1.344077961506646643e-02 1.667822332943604824e-01 1.315277080711668489e+00
2.942621343983415461e+00 1.000000000000000000e+00 1.154865050317861741e-01 3.911820613904422039e-01 1.347613983638046124e-02 7.834818015039930472e-01 2.887312829830831484e-01
2.938730360838798017e+00 0.000000000000000000e+00 0.000000000000000000e+00 5.000000000000000000e-01 1.353943060009663198e-02 6.763179358648979678e-01 9.121384526984017693e-01
2.926380525560808632e+00 -1.000000000000000000e+00 -1.167719154074917665e-01 6.099540752935245225e-01 1.354990101302135617e-02 1.038927533280520343e-02 2.926372468213308320e+00
2.886728468289287530e+00 0.000000000000000000e+00 0.000000000000000000e+00 5.000000000000000000e-01 1.378333161918521288e-02 1.234662617494894921e-01 2.705987961349278770e+00
2.849430938860487483e+00 1.000000000000000000e+00 1.231639840920161350e-01 3.844206993966930996e-01 1.391038726713446361e-02 1.730997817488858503e-01 1.548657588959632569e+00
2.827888512053872372e+00 2.000000000000000000e+00 2.500952413759154336e-01 2.811785735035232658e-01 1.384294660779318564e-02 9.576894511358673423e-01 1.661059315239804102e+00
2.804894556640630476e+00 1.000000000000000000e+00 1.271062543230904729e-01 3.809717456209326114e-01 1.412770313565695282e-02 7.859809075176095172e-01 6.986415143765212221e-01
2.795024356727273229e+00 0.000000000000000000e+00 0.000000000000000000e+00 5.000000000000000000e-01 1.423555958544952919e-02 8.218937096030632938e-01 6.453027867497295178e-01
2.785838110455840955e+00 -1.000000000000000000e+00 -1.288511353044483609e-01 6.205498277698257015e-01 1.422272206345016540e-02 7.150182196186966044e-01 7.237335298483820178e-01
2.775544649612807557e+00 -2.000000000000000000e+00 -2.596172584106288261e-01 7.259166979783031604e-01 1.408541229114176202e-02 8.660106058793791695e-01 8.188324662894105321e-01
2.764011056727748716e+00 -3.000000000000000000e+00 -3.926826405873015680e-01 8.155828124779935795e-01 1.379293838830003387e-02 9.089204012856014758e-01 7.677736658668651293e-01
2.753421201858287759e+00 -4.000000000000000000e+00 -5.276120270597954853e-01 8.884248015107223395e-01 1.327463267500796594e-02 9.909632473982123990e-01 1.235318684115289223e+00
2.737022800090083141e+00 -5.000000000000000000e+00 -6.674414497691080195e-01 9.447024053341636085e-01 1.240965491324985855e-02 9.524022253153824336e-01 3.385713055598195798e+00
2.695007269434824604e+00 -6.000000000000000000e+00 -8.260976151933941969e-01 9.848789802792876635e-01 1.064239957578851439e-02 9.870158786003572216e-01 4.687584839709184159e+00
2.645120118525230879e+00 -7.000000000000000000e+00 -1.000000000000000000e+00 1.000000000000000000e+00 0.000000000000000000e+00 8.113873961813912183e-01 1.687205416674894654e+00
