5.000000000000000000e+00 0.000000000000000000e+00 0.000000000000000000e+00 5.000000000000000000e-01 7.957747154594766933e-03 4.065077218547508142e-02 2.273493121618497703e+00
4.981908116580449963e+00 1.000000000000000000e+00 4.029104886698720023e-02 4.605206354424137838e-01 7.983401896554118485e-03 1.759181868928191284e-01 1.029891405049657926e+00
4.973686079584132003e+00 2.000000000000000000e+00 8.084873966130949607e-02 4.224195196911015859e-01 7.986732939965893174e-03 9.063499445923917097e-02 6.984552214416803295e+00
4.917902326342337815e+00 3.000000000000000000e+00 1.240399140539576173e-01 3.836530360852989929e-01 8.059228902747463466e-03 6.560033335730669490e-01 1.322766550841053768e+00
4.907241847924211697e+00 2.000000000000000000e+00 8.305295157269976247e-02 4.203959448097688290e-01 8.094136324248357370e-03 1.517332295977448231e-01 2.166261691444553161e+00
4.889707830479662398e+00 3.000000000000000000e+00 1.254744887458805469e-01 3.823974349171395115e-01 8.104959465429044385e-03 3.782982854324649091e-01 2.100589346381692479e+00
4.872682638973726554e+00 4.000000000000000000e+00 1.684704510041041270e-01 3.457206954266590082e-01 8.106896303029713022e-03 4.351629949231328176e-02 1.333597549928878134e+00
4.861871301926478317e+00 5.000000000000000000e+00 2.115256738990998753e-01 3.108458814601343101e-01 8.090181959437498307e-03 2.763658528494442601e-01 3.486858975167024699e+00
4.833661978350479060e+00 6.000000000000000000e+00 2.568021747095183271e-01 2.761715037582506693e-01 8.091211216672430928e-03 1.454591716310325022e-01 2.293834560277642876e+00
4.815102078427170085e+00 7.000000000000000000e+00 3.019166354793408336e-01 2.436601919102417413e-01 8.065908427515481455e-03 6.759183422830983279e-02 3.266274530068881354e+00
4.788756607168508594e+00 8.000000000000000000e+00 3.488546037196976757e-01 2.119951635485159969e-01 8.039326292420569814e-03 2.738424946750086519e-01 2.953363970224243573e+00
4.765013550551596921e+00 7.000000000000000000e+00 3.082973274841546152e-01 2.392262935827814130e-01 8.141737950199196688e-03 4.746185866219054805e-02 6.781099869514497946e+00
4.709803612399880102e+00 8.000000000000000000e+00 3.606487157840754243e-01 2.043850323142759606e-01 8.153898155704915676e-03 2.869279317219031178e-01 3.849009153425500873e+00
4.678419183762472677e+00 7.000000000000000000e+00 3.198156975747791786e-01 2.313253426328421014e-01 8.275380959618314214e-03 2.139947011157026235e-01 5.234452565059251050e-01
4.674087474853380719e+00 8.000000000000000000e+00 3.661814290534747274e-01 2.008629904383477660e-01 8.206356551494696852e-03 8.793278117326421839e-01 4.819680196711049192e+00
4.634535460694992004e+00 7.000000000000000000e+00 3.259009459793799635e-01 2.272047673157474024e-01 8.344331298997552382e-03 5.194071141160921945e-01 3.713313866574369015e+00
4.603550339575133599e+00 6.000000000000000000e+00 2.831166803439056356e-01 2.569608470005709799e-01 8.462548451701169816e-03 8.404971077493817999e-01 8.664467287499428849e+00
4.530226865346489440e+00 5.000000000000000000e+00 2.436296278971277762e-01 2.860480698975186864e-01 8.648599137908193416e-03 9.048597037978631796e-01 7.790481804648864639e+00
4.462850111126913433e+00 4.000000000000000000e+00 2.008331451122207512e-01 3.193338309756124094e-01 8.823784009514107698e-03 1.930758986342070438e-01 4.858293821010401636e+00
4.419981575795560502e+00 5.000000000000000000e+00 2.559346493714851345e-01 2.768166230029673880e-01 8.849565065711089556e-03 6.685719582504247027e-01 1.974155998225516573e+00
4.402511153839400393e+00 4.000000000000000000e+00 2.063759386046551403e-01 3.149195754128210623e-01 8.939399350584284476e-03 2.629748337884829645e-01 5.348948135423659878e+00
4.354694770351285271e+00 5.000000000000000000e+00 2.636662635129774501e-01 2.710936857444700143e-01 8.972402225447258933e-03 5.281636069374251452e-01 2.600240054863460326e+00
4.331364370696331179e+00 4.000000000000000000e+00 2.132114638014082630e-01 3.095181003467613601e-01 9.079348299029689137e-03 2.511316924784745552e-02 3.113600736304765748e-01
4.328537424141428502e+00 5.000000000000000000e+00 2.668625618313307246e-01 2.687452516222597065e-01 9.022432000156845391e-03 4.229244972492146593e-01 8.533591629224403619e+00
4.251543673949643498e+00 4.000000000000000000e+00 2.212925034273707514e-01 3.031926826092057325e-01 9.241187740185478547e-03 3.531464241929017644e-01 1.070095477235795567e+00
4.241654720744584495e+00 3.000000000000000000e+00 1.667441585130359505e-01 3.471576486860742938e-01 9.314349652907089050e-03 1.359624437393933682e-01 1.775492737677391908e+00
4.225117160579659803e+00 4.000000000000000000e+00 2.240693626531062022e-01 3.010341769867784234e-01 9.295924885228505630e-03 3.199151683516096023e-01 4.988462900541744460e+00
4.178744784163474613e+00 3.000000000000000000e+00 1.718025318282787317e-01 3.429555231430246320e-01 9.450378287876723057e-03 2.985077970549987469e-01 2.146355731691723889e+00
4.158460910558635426e+00 4.000000000000000000e+00 2.313101788300837014e-01 2.954420205851189252e-01 9.436612682839172830e-03 3.966995203608385534e-01 1.691379129872223830e+00
4.142500020810193639e+00 3.000000000000000000e+00 1.748220530655448524e-01 3.404593220534812281e-01 9.530473349473392308e-03 9.201666348398761519e-01 3.413917658632479757e+00
4.109963769547300139e+00 2.000000000000000000e+00 1.184006287701036553e-01 3.886087256764743092e-01 9.646874094287005014e-03 3.713812490879953021e-02 2.103550032765226785e+00
4.089671087230180468e+00 3.000000000000000000e+00 1.793678045224270101e-01 3.367186001271708085e-01 9.649541994506074041e-03 4.878244285998417640e-01 2.452501606020279112e+00
4.066005569991293811e+00 2.000000000000000000e+00 1.209745616676175389e-01 3.863428606177185531e-01 9.749638685413354253e-03 4.629844101424179792e-01 4.639198163296557986e+00
4.020775064109119334e+00 1.000000000000000000e+00 6.185580229788896489e-02 4.400572678410687999e-01 9.886303718388228176e-03 2.309783235767409737e-01 2.801091217905403497e+00
3.993082625585996581e+00 2.000000000000000000e+00 1.254334599783766824e-01 3.824333164626968484e-01 9.924910530627594277e-03 7.082573234005427043e-01 1.766182660427635387e+00
3.975553420700506546e+00 1.000000000000000000e+00 6.327101665113664397e-02 4.387305941228975548e-01 9.998314921190519164e-03 8.449539794453769792e-01 2.877142937886953966e+00
3.946786839534233593e+00 0.000000000000000000e+00 0.000000000000000000e+00 5.000000000000000000e-01 1.008129838034763602e-02 9.915243474144765923e-01 1.862054024900002824e+00
3.928014917308889409e+00 -1.000000000000000000e+00 -6.481174925855716362e-02 5.627114678375800816e-01 1.011881697236470361e-02 8.714083804861328941e-01 8.447125507131740818e-01
3.919467425613963663e+00 -2.000000000000000000e+00 -1.301894753501200985e-01 6.217148256041503673e-01 1.010818296111165582e-02 1.646548289924837372e-01 9.182930344003642276e+00
3.826644685577631044e+00 -1.000000000000000000e+00 -6.829103937963185156e-02 5.659592063498566361e-01 1.038566164445306125e-02 3.118471894586665183e-01 5.479939737800600064e+00
3.769731885628841095e+00 0.000000000000000000e+00 0.000000000000000000e+00 5.000000000000000000e-01 1.055479195341674746e-02 2.639050300858255538e-01 1.055542990606066711e+00
3.758590848965106535e+00 1.000000000000000000e+00 7.078641141357795707e-02 4.317189466068281911e-01 1.057278368141221711e-02 3.327832198551726739e-01 9.947765931172167786e-01
3.748073291234745863e+00 2.000000000000000000e+00 1.423684793583537278e-01 3.677659125990512812e-01 1.056143939811529132e-02 1.556114088196837164e-01 2.221176174227209810e+00
3.724614473678107718e+00 3.000000000000000000e+00 2.162512375776196594e-01 3.071310612993063960e-01 1.055474450184309097e-02 4.765510677745204982e-01 4.259935025235148665e+00
3.679651947892298214e+00 2.000000000000000000e+00 1.477122497627224029e-01 3.631972046022600153e-01 1.075354383860622869e-02 3.277584756497811114e-01 4.851610805234717105e+00
3.627479938410350879e+00 3.000000000000000000e+00 2.279875944035781865e-01 2.980015771973870686e-01 1.082233612410739634e-02 9.493540126560836567e-01 4.254270221853355238e+00
3.581438796106672928e+00 2.000000000000000000e+00 1.559247039105661481e-01 3.562315527342326815e-01 1.104134725002873726e-02 4.729050726560568574e-01 2.111869590961309662e+00
3.558120910606092924e+00 1.000000000000000000e+00 7.898754139423361242e-02 4.241319744535192449e-01 1.116501704615586663e-02 3.921072763281644447e-01 1.308470746795538764e+00
3.543511812413724371e+00 2.000000000000000000e+00 1.592803590450148910e-01 3.534047573437395506e-01 1.115648051097574943e-02 6.056111855813278710e-01 2.374766485526843329e+00
3.517017776399825824e+00 1.000000000000000000e+00 8.084457330037130018e-02 4.224233492156882486e-01 1.129465692685334942e-02 6.743462269440619883e-01 2.074364920001697143e+00
3.493588536287306923e+00 0.000000000000000000e+00 0.000000000000000000e+00 5.000000000000000000e-01 1.138907325796814293e-02 6.458969643647030079e-01 2.437587954238876531e+00
3.465826668503739771e+00 -1.000000000000000000e+00 -8.325039861945029984e-02 5.797850841843016356e-01 1.146034103616100017e-02 8.893800458542181486e-01 3.719487640368398296e+00
3.423200071665332356e+00 -2.000000000000000000e+00 -1.706732390060123894e-01 6.561085617496107414e-01 1.153735723186544160e-02 8.253769619401668534e-01 3.796857890502260968e+00
3.379394365823980895e+00 -3.000000000000000000e+00 -2.626899775285442828e-01 7.281869653815706833e-01 1.156348121692386127e-02 1.019747547647407160e-01 3.249396042379178340e+00
3.341820035721582371e+00 -2.000000000000000000e+00 -1.790869246692309846e-01 6.630508613754895197e-01 1.180927972101396273e-02 9.924159835286954223e-01 3.525635652834444134e+00
3.300184818102880779e+00 -3.000000000000000000e+00 -2.754512392390351949e-01 7.375145466398751459e-01 1.181871481561728304e-02 4.899566167470863487e-01 9.990816479518958459e+00
3.182106207356276695e+00 -2.000000000000000000e+00 -1.975152597137478094e-01 6.780091208038532269e-01 1.237950952792323846e-02 6.480090761080602446e-01 7.479532422286382376e-01
3.172846913067666197e+00 -1.000000000000000000e+00 -9.933487815421439271e-02 5.944011691452580903e-01 1.250930050287589988e-02 4.889801855696208621e-01 1.423787187913068131e+00
3.155036331281916961e+00 0.000000000000000000e+00 0.000000000000000000e+00 5.000000000000000000e-01 1.261118148734830836e-02 6.113626956645238364e-01 8.325528152531989079e-01
3.144536856630955945e+00 -1.000000000000000000e+00 -1.011315401444302098e-01 5.960177459384379262e-01 1.262077001292393960e-02 9.806778933173398993e-01 4.859721797827387668e+00
3.083203425493783456e+00 -2.000000000000000000e+00 -2.103902627630636069e-01 6.882582314303080651e-01 1.275894079802258711e-02 6.577365058342984350e-01 5.805038084123875786e-01
3.075796811769223371e+00 -1.000000000000000000e+00 -1.057023676183979771e-01 6.001158723583305266e-01 1.289973725749519150e-02 9.927159539282657263e-01 4.365303854730829158e+00
3.019485538994064910e+00 -2.000000000000000000e+00 -2.193633590043065351e-01 6.953032173674804639e-01 1.301486588599873491e-02 3.133160132035206491e-02 1.845387330363622791e+00
2.995468070381661185e+00 -1.000000000000000000e+00 -1.114475718173789653e-01 6.052372911853840520e-01 1.324147410260261351e-02 4.551331049591381683e-01 3.407138801182195031e+00
2.950352530181834521e+00 0.000000000000000000e+00 0.000000000000000000e+00 5.000000000000000000e-01 1.348609542959315448e-02 1.898403416417211442e-01 2.282813911240710425e+00
2.919566283926839478e+00 1.000000000000000000e+00 1.173176407396689658e-01 3.895640736746920352e-01 1.358108507150714364e-02 3.952328036889357632e-01 4.639731419519941724e+00
2.856553696809394527e+00 0.000000000000000000e+00 0.000000000000000000e+00 5.000000000000000000e-01 1.392892975105476140e-02 6.998716138451945845e-01 2.072540281761942715e+00
2.827685428818501379e+00 -1.000000000000000000e+00 -1.250655830730646179e-01 6.172448830383617802e-01 1.401567467588232981e-02 7.617195074551145195e-01 1.247859928511985572e+00
2.810195830019407648e+00 -2.000000000000000000e+00 -2.532542986467166690e-01 7.211854287551964227e-01 1.392409276669206476e-02 9.689176668064690690e-01 2.247903691906559587e+00
2.778895810482711060e+00 -3.000000000000000000e+00 -3.884872112517243070e-01 8.130260545986534026e-01 1.373287819503149487e-02 9.383964373495334854e-01 5.806088926297544583e-01
2.770922379281274495e+00 -4.000000000000000000e+00 -5.209682673705119393e-01 8.852642995669953718e-01 1.322505801919694746e-02 9.743155853933433974e-01 8.050649543834154098e-01
2.760275348550331742e+00 -5.000000000000000000e+00 -6.562437657001899405e-01 9.409158256900069794e-01 1.239822916942292033e-02 9.451839451915485801e-01 3.593081083997999414e+00
2.715727505846606160e+00 -6.000000000000000000e+00 -8.135399199604088638e-01 9.826163192758146092e-01 1.077429223876366811e-02 9.967829123126890067e-01 1.059651711999884860e+01
2.601557533682676393e+00 -7.000000000000000000e+00 -1.000000000000000000e+00 1.000000000000000000e+00 0.000000000000000000e+00 4.184768770610561850e-01 1.697387342067476323e+00
