5.000000000000000000e+00 0.000000000000000000e+00 0.000000000000000000e+00 5.000000000000000000e-01 7.957747154594766933e-03 2.556490036004074318e-01 2.301777981413724916e+00
4.981683032817896262e+00 1.000000000000000000e+00 4.029468983157381140e-02 4.605171411827375660e-01 7.983762017978535477e-03 7.295472520812817940e-02 4.386182916688918354e+00
4.946664792243728570e+00 2.000000000000000000e+00 8.173442888274874696e-02 4.216058295496458164e-01 8.030069190471032098e-03 7.718707825582670212e-01 3.384048630281049963e+00
4.919490647598652622e+00 1.000000000000000000e+00 4.131994373304533757e-02 4.595337251420056890e-01 8.084523562660579296e-03 9.953681918493996195e-01 2.183356149281663772e+00
4.901839253364105531e+00 0.000000000000000000e+00 0.000000000000000000e+00 5.000000000000000000e-01 8.117103339459171354e-03 3.628434099673968349e-01 2.222052797742141816e+00
4.883802621179098580e+00 1.000000000000000000e+00 4.192603502016510608e-02 4.589528611860909657e-01 8.143497677723966766e-03 7.308795058003231260e-01 2.272016424749656593e+00
4.865300460700399121e+00 0.000000000000000000e+00 0.000000000000000000e+00 5.000000000000000000e-01 8.178063429867994671e-03 1.964190328481917325e-01 3.554624684042446248e+00
4.836230514564925365e+00 1.000000000000000000e+00 4.275491172817369456e-02 4.581590795102682412e-01 8.223457450361126853e-03 4.481585468080426793e-01 3.974856434738161526e-01
4.832961808288689376e+00 2.000000000000000000e+00 8.562552932279612894e-02 4.180403363131083849e-01 8.217639345294932077e-03 6.780578648720047008e-01 2.727286951137541937e+00
4.810549947733112397e+00 1.000000000000000000e+00 4.321261451648664154e-02 4.577210505101885762e-01 8.267275917881249450e-03 7.300043986565771803e-01 2.819291866091693244e+00
4.787242083983094254e+00 0.000000000000000000e+00 0.000000000000000000e+00 5.000000000000000000e-01 8.311410844690081748e-03 6.106865920731777697e-01 1.349955957561798092e+00
4.776022045397561477e+00 -1.000000000000000000e+00 -4.383967788424324163e-02 5.428787192057461519e-01 8.326929678316800573e-03 6.303672494799200665e-01 1.106092935958162160e+00
4.766811687302155320e+00 -2.000000000000000000e+00 -8.801850843189198970e-02 5.841448795186044984e-01 8.330803692494564636e-03 1.404877910074570080e-01 4.159033082223294819e+00
4.732163599143562216e+00 -1.000000000000000000e+00 -4.465606989896396539e-02 5.436589876095534457e-01 8.403952825122540729e-03 5.992250097274612886e-01 7.542949619731404098e+00
4.668773006377063162e+00 -2.000000000000000000e+00 -9.175388820494388697e-02 5.875445002045811549e-01 8.504298288271558079e-03 1.592367265048709735e-01 9.766520667299179337e+00
4.585715601383782314e+00 -1.000000000000000000e+00 -4.755385903010671961e-02 5.464231742757791332e-01 8.671758020185223181e-03 3.919262633912714566e-01 3.944687556673755591e+00
4.551508225427071785e+00 0.000000000000000000e+00 0.000000000000000000e+00 5.000000000000000000e-01 8.741879351265025022e-03 2.395153908268450316e-01 6.077119712291758624e+00
4.498382778099022872e+00 1.000000000000000000e+00 4.941822977494952918e-02 4.518028509420953243e-01 8.839713158460696732e-03 8.862235239207275628e-01 3.575804333199131158e+00
4.466773693482761765e+00 0.000000000000000000e+00 0.000000000000000000e+00 5.000000000000000000e-01 8.907712479597415522e-03 4.699263463716298883e-01 1.189559215483793064e+00
4.456177442013776968e+00 1.000000000000000000e+00 5.035876238317054526e-02 4.509092400912117493e-01 8.923225824181235319e-03 3.060744627858232869e-01 1.459425261448139333e+00
4.443154660832360214e+00 2.000000000000000000e+00 1.013087913565808851e-01 4.038229442464847385e-01 8.931968132768872484e-03 3.243710209438506187e-01 4.336826765828528663e-01
4.439281020985387904e+00 3.000000000000000000e+00 1.522285036377080403e-01 3.593582550221797733e-01 8.910342496084191002e-03 4.858162127273472075e-01 2.587428116942625866e+00
4.416226150279430662e+00 2.000000000000000000e+00 1.025480450631531398e-01 4.027100057099841091e-01 8.985856965364998408e-03 9.182747514017474133e-01 6.356636410850660113e-01
4.410514167722556778e+00 1.000000000000000000e+00 5.140691677509134222e-02 4.499144187710692466e-01 9.015369259418317197e-03 1.523080267858700765e-01 8.571582428872761561e-01
4.402786569649173920e+00 2.000000000000000000e+00 1.031750598829031390e-01 4.021474866080171906e-01 9.012991902251335855e-03 4.513697407477879064e-01 6.808937984025948964e+00
4.341417666736216319e+00 1.000000000000000000e+00 5.305628795050228858e-02 4.483511968950409932e-01 9.158458900607249764e-03 7.208934459896507718e-01 1.161378350439413287e+00
4.330781230845661689e+00 0.000000000000000000e+00 0.000000000000000000e+00 5.000000000000000000e-01 9.187426852592222790e-03 3.046721612682552482e-01 1.954701260008409047e+00
4.312822556000664775e+00 1.000000000000000000e+00 5.376217369286816206e-02 4.476830119672228769e-01 9.219007407722407468e-03 7.378221777713276364e-01 3.482736976990643996e+00
4.280715178010638944e+00 0.000000000000000000e+00 0.000000000000000000e+00 5.000000000000000000e-01 9.294880438988867982e-03 1.180383566272851237e-01 4.966110895167220818e+00
4.234555770993299717e+00 1.000000000000000000e+00 5.576789933723890619e-02 4.457871299610052795e-01 9.388883603747906481e-03 3.948051703180576189e-01 2.909747045714591529e+00
4.207236494664735815e+00 2.000000000000000000e+00 1.129889949741227639e-01 3.933942615185084257e-01 9.426835840768012231e-03 6.849685317365862280e-01 2.999933958036816728e-01
4.204408506169180271e+00 1.000000000000000000e+00 5.657052222153675231e-02 4.450295897706719184e-01 9.455991600051356222e-03 4.036403787345674843e-01 3.217156688381120233e+00
4.173987099547799673e+00 2.000000000000000000e+00 1.147962736173572668e-01 3.917928186008582947e-01 9.500934738328588314e-03 4.655040306516944337e-02 4.277891438755080600e+00
4.133343132170533174e+00 3.000000000000000000e+00 1.755975024934221529e-01 3.398197389475415831e-01 9.550912270151127106e-03 4.951592837387227553e-01 1.762067442438417064e+00
4.116513780613714424e+00 2.000000000000000000e+00 1.180241410528407725e-01 3.889407078827896713e-01 9.631742555984802029e-03 2.421507675485469191e-01 2.885121649877868677e+00
4.088725031639392604e+00 3.000000000000000000e+00 1.794508189314433511e-01 3.366504792761394471e-01 9.651699848434953932e-03 3.893007647923372172e-01 3.580908599573761286e+00
4.054163176651627509e+00 2.000000000000000000e+00 1.216823381762694445e-01 3.857209575357525289e-01 9.777690135980609057e-03 1.744799099595334413e-01 1.972240759669766197e+00
4.034879217630025217e+00 3.000000000000000000e+00 1.842723511346156251e-01 3.327057985617238867e-01 9.776031626445573497e-03 8.622648991763910420e-01 7.188841089354168545e+00
3.964600879783007237e+00 2.000000000000000000e+00 1.272421649171777414e-01 3.808531193492273870e-01 9.995045987470757218e-03 6.486396165805226044e-01 4.436032801145961990e+00
3.920262527933624508e+00 1.000000000000000000e+00 6.506833550024929136e-02 4.370486086421372374e-01 1.013874219696005337e-02 8.819464016576928911e-01 1.459086974158015471e+00
3.905469221259693757e+00 0.000000000000000000e+00 0.000000000000000000e+00 5.000000000000000000e-01 1.018795271932526787e-02 8.546130234235043144e-01 2.671782009790702350e+00
3.878249232467602337e+00 -1.000000000000000000e+00 -6.648574959352548941e-02 5.642755721440190220e-01 1.024809543078403912e-02 4.392539916434662350e-01 7.350870567196749583e+00
3.802916809395628484e+00 0.000000000000000000e+00 0.000000000000000000e+00 5.000000000000000000e-01 1.046268897459715595e-02 6.276512380642096378e-01 2.349748440535977423e+00
3.778332122293755813e+00 -1.000000000000000000e+00 -7.004864501219318362e-02 5.675952386781710768e-01 1.051781722775812535e-02 9.632318117170350913e-01 2.257808914168517589e+00
3.754584900799328384e+00 -2.000000000000000000e+00 -1.418750857701646106e-01 6.318108157890187648e-01 1.054350180512897070e-02 9.479850203503303874e-02 2.045966054126325151e+00
3.733013254014414972e+00 -1.000000000000000000e+00 -7.175975317332385084e-02 5.691850220855756426e-01 1.064485393193681170e-02 6.844425937431456441e-01 2.442619646697576474e+00
3.707011924664040059e+00 -2.000000000000000000e+00 -1.455398857080090202e-01 6.349489565420588510e-01 1.067592315368854836e-02 1.329615598691757938e-02 1.656042793977423377e+00
3.689332139056317406e+00 -1.000000000000000000e+00 -7.346906107839164257e-02 5.707702096105213840e-01 1.077021448165863329e-02 8.798413070032164995e-01 1.771923855113323842e+00
3.670248139091579542e+00 -2.000000000000000000e+00 -1.484701479779733380e-01 6.374484555576727107e-01 1.078047427033953370e-02 7.003909734093470840e-01 2.884843223115561184e+00
3.639148160950818944e+00 -3.000000000000000000e+00 -2.265279422284571798e-01 7.008704879233276230e-01 1.078954824509089153e-02 8.617896523743961978e-02 7.918896612512964506e-01
3.630604029245959374e+00 -2.000000000000000000e+00 -1.517302680547131244e-01 6.402192309327355835e-01 1.089544770296091251e-02 6.230990217357812444e-02 4.630093225887193853e+00
3.580157090643471651e+00 -1.000000000000000000e+00 -7.801818339315451378e-02 5.749747649231705671e-01 1.109672087199774400e-02 5.367397236347829503e-01 1.915422935215062905e+00
3.558902176979567678e+00 0.000000000000000000e+00 0.000000000000000000e+00 5.000000000000000000e-01 1.118005884801881282e-02 5.489664097998969705e-01 2.888482518389324571e+00
3.526608772442501483e+00 -1.000000000000000000e+00 -8.040544003242428017e-02 5.771729226390204248e-01 1.126414091343714251e-02 9.129281180912962590e-01 1.548240684117293542e+00
3.509169171208688098e+00 -2.000000000000000000e+00 -1.624132230837738999e-01 6.492241955675440712e-01 1.126273135243568632e-02 7.996455220625081628e-01 4.793289655634402457e+00
3.455183637522869056e+00 -3.000000000000000000e+00 -2.512921869564118116e-01 7.197183053437437028e-01 1.132789035021826603e-02 6.340395369063503983e-01 2.339189678504178804e+00
3.428685553336411562e+00 -2.000000000000000000e+00 -1.701275628356502811e-01 6.556558690174512094e-01 1.151945448219024969e-02 3.426454782149246370e-02 4.354084553453726691e+00
3.378528874511293800e+00 -1.000000000000000000e+00 -8.760819448701499812e-02 5.837705966163776461e-01 1.175425644226196775e-02 3.930184467035470197e-01 9.343888649926888057e-01
3.367545828175375622e+00 0.000000000000000000e+00 0.000000000000000000e+00 5.000000000000000000e-01 1.181535094194468942e-02 5.893101170417740509e-01 3.550620466407423237e+00
3.325594001303120439e+00 -1.000000000000000000e+00 -9.041938395201949696e-02 5.863315514548881335e-01 1.193984496093864617e-02 8.371468541587453460e-01 1.647651516169618136e+00
3.305921297650399548e+00 -2.000000000000000000e+00 -1.829974234323920590e-01 6.662533949409449319e-01 1.193311128021158109e-02 4.713611369382504357e-01 1.282151994949116913e+00
3.290621235216526497e+00 -1.000000000000000000e+00 -9.235155406458704641e-02 5.880871492955148661e-01 1.206566528796337856e-02 8.147676478779907194e-01 1.143635630983440787e+00
3.276822510481691708e+00 -2.000000000000000000e+00 -1.862619558039870227e-01 6.689151977140237459e-01 1.203529132333100785e-02 8.357175336755698902e-01 3.541368883134952128e+00
3.234201104289783135e+00 -3.000000000000000000e+00 -2.868053264183778595e-01 7.456766787874017366e-01 1.203852733365392766e-02 4.831023752202545651e-02 6.611437951516292433e-01
3.226241906640374690e+00 -2.000000000000000000e+00 -1.921481199423585584e-01 6.736876699436670224e-01 1.221685712301419542e-02 9.139172857397415140e-02 1.865397617071976377e+00
3.203452610474995410e+00 -1.000000000000000000e+00 -9.744585993900742316e-02 5.926980121293811132e-01 1.239095252192301717e-02 5.668657106784890098e-01 3.662077838815185338e+00
3.158075977842650151e+00 0.000000000000000000e+00 0.000000000000000000e+00 5.000000000000000000e-01 1.259904323142800944e-02 1.520424989674731275e-01 6.015016173344201356e+00
3.082292529036947837e+00 1.000000000000000000e+00 1.052573162847872945e-01 4.002822350309505617e-01 1.287285835978717666e-02 9.558501007320157061e-01 1.090423893647088249e+00
3.068255656701901035e+00 0.000000000000000000e+00 0.000000000000000000e+00 5.000000000000000000e-01 1.296786846495808290e-02 5.456879345761802558e-01 2.456927218970738735e+00
3.036394547698313406e+00 -1.000000000000000000e+00 -1.084634949135298010e-01 6.025813300491011937e-01 1.306517310328498931e-02 4.419759851139152262e-01 8.173921714846411612e-01
3.025715177484596730e+00 0.000000000000000000e+00 0.000000000000000000e+00 5.000000000000000000e-01 1.315019208319927711e-02 2.067271215082054914e-01 1.105383701084502679e+00
3.011179169489697660e+00 1.000000000000000000e+00 1.102876302516876128e-01 3.957940504415788929e-01 1.317324572051090451e-02 1.774395399957205965e-01 1.920322460170263978e+00
2.985882289859258965e+00 2.000000000000000000e+00 2.243285917033881194e-01 3.008330668244245665e-01 1.315361782972086779e-02 8.583674594250958467e-01 1.348246140981121721e+00
2.968147975380397430e+00 1.000000000000000000e+00 1.135086354161884137e-01 3.929334697408342070e-01 1.336178052858664339e-02 1.601937686436679664e-01 5.025031551951139264e+00
2.901004606634002947e+00 2.000000000000000000e+00 2.376474501033788711e-01 2.905907051669400776e-01 1.351618288650198452e-02 1.937138877316446628e-01 2.051900158042417655e+00
2.873270748833059329e+00 3.000000000000000000e+00 3.633859666514058229e-01 2.026387137281824846e-01 1.335780821104951867e-02 5.260518071517394922e-02 3.538759832524883464e+00
2.826000673685226339e+00 4.000000000000000000e+00 5.008589852009361909e-01 1.245708763273196129e-01 1.306464060325463090e-02 4.503264918867810884e-01 4.704557938620058444e+00
2.764537315019966801e+00 3.000000000000000000e+00 3.925331524067834366e-01 1.845079854624200877e-01 1.379081120230957018e-02 1.407078871093384587e-01 2.373488759091780143e+00
2.731804979652527887e+00 4.000000000000000000e+00 5.359948373628592444e-01 1.076503954769597593e-01 1.333471395312032723e-02 2.777453859340328624e-02 5.054579270619906417e+00
2.664403610925439647e+00 5.000000000000000000e+00 7.043199291934458817e-01 4.371335213608440462e-02 1.239967761680985797e-02 3.497133872410229660e-02 1.398641196050641966e+00
2.647060910992822258e+00 6.000000000000000000e+00 8.562949457520191432e-01 1.032557130820754843e-02 1.023875101185443663e-02 2.029817150926982450e-04 4.252021877169740449e+00
2.603525517695523206e+00 7.000000000000000000e+00 1.000000000000000000e+00 0.000000000000000000e+00 0.000000000000000000e+00 4.070107472877252386e-01 1.685670094023410615e+00
