5.000000000000000000e+00 0.000000000000000000e+00 0.000000000000000000e+00 5.000000000000000000e-01 7.957747154594766933e-03 3.366404926582332591e-01 2.597072084484171484e+00
4.979333157009418365e+00 1.000000000000000000e+00 4.033273101363583912e-02 4.604806335818732999e-01 7.987523624070713354e-03 3.843962098197002408e-01 2.522330604998642922e+00
4.959185981714274938e+00 2.000000000000000000e+00 8.132221595344840681e-02 4.219844354503412553e-01 8.009930208862854270e-03 1.112088095582748348e-01 2.883485263024171186e+00
4.936089465999167203e+00 3.000000000000000000e+00 1.231275419265335513e-01 3.844526538639015945e-01 8.029995966826627279e-03 7.647818179071070865e-01 3.669346837832418107e+00
4.906624625690485075e+00 2.000000000000000000e+00 8.307384795521251253e-02 4.203767841518303849e-01 8.095147428691374519e-03 1.264558617455112666e-01 9.294105184160788014e-01
4.899100910522130370e+00 3.000000000000000000e+00 1.249938037890408887e-01 3.828179217037857573e-01 8.089668115702098455e-03 1.447771326490490118e-01 2.416984857638333484e+00
4.879548305183158519e+00 4.000000000000000000e+00 1.679966988934488425e-01 3.461147465260991929e-01 8.095824060331810457e-03 5.798558575483936384e-02 1.257083239510616623e+00
4.869371180446888658e+00 5.000000000000000000e+00 2.108745856628865267e-01 3.113594597763604810e-01 8.078309305682214447e-03 3.708398328669142430e-01 2.742373146033660891e+00
4.847217441941632288e+00 4.000000000000000000e+00 1.702452434653196900e-01 3.442464779959633070e-01 8.148216443560014899e-03 8.600694026776078971e-01 3.770262386290693435e+00
4.816496527969122532e+00 3.000000000000000000e+00 1.293179322008611576e-01 3.790436315934920808e-01 8.226100003758360021e-03 3.994782041653074378e-01 4.501795220258664187e+00
4.779464310290832962e+00 2.000000000000000000e+00 8.755310443073685556e-02 4.162796686169928928e-01 8.308921029387243001e-03 5.775443308573926515e-01 2.943611000741310324e+00
4.755006078944437498e+00 1.000000000000000000e+00 4.422805561430322857e-02 4.567500048374077415e-01 8.363660984649020497e-03 8.036195658905924688e-01 1.440904625638573799e+00
4.742954841144383593e+00 0.000000000000000000e+00 0.000000000000000000e+00 5.000000000000000000e-01 8.389018471736824772e-03 1.597283907780963075e-01 2.142007985864752051e+00
4.724985496584356071e+00 1.000000000000000000e+00 4.479185416041783774e-02 4.562113009391462470e-01 8.416694319989254450e-03 1.435779113826175513e-01 7.492346513811222186e-01
4.718679417549737742e+00 2.000000000000000000e+00 8.982330901325531747e-02 4.142108044077900675e-01 8.415098954284803284e-03 6.428107557649733739e-01 1.107703133124775086e+00
4.709357986072521207e+00 1.000000000000000000e+00 4.508962153656360244e-02 4.559269154485916520e-01 8.444567591990007407e-03 1.336138628228612513e-01 2.181866553470960035e+00
4.690933066485033720e+00 2.000000000000000000e+00 9.088904147133886058e-02 4.132413674584505259e-01 8.464461583539481873e-03 1.449333727268058425e-01 2.353617920561422938e+00
4.671010958014111480e+00 3.000000000000000000e+00 1.374989818952240817e-01 3.719540031158874993e-01 8.477581392969493410e-03 8.798393912922403137e-01 6.856019859889877388e+00
4.612888491620079634e+00 2.000000000000000000e+00 9.399052659165275936e-02 4.104265829528353504e-01 8.606423053615646843e-03 9.631124653239755418e-01 2.830893305781964742e+00
4.588524626210871205e+00 1.000000000000000000e+00 4.749565335673371774e-02 4.536322651871577682e-01 8.666461322665700018e-03 7.508754236422707784e-01 2.828875887230923425e+00
4.564008282747562539e+00 0.000000000000000000e+00 0.000000000000000000e+00 5.000000000000000000e-01 8.717936802038571756e-03 2.799807418657139779e-01 3.341267007825189594e+00
4.534879328134605814e+00 1.000000000000000000e+00 4.862599821534668160e-02 4.525562456358727670e-01 8.768742242959388228e-03 3.502831788768596688e-01 7.993073183382293223e-01
4.527870408287187232e+00 2.000000000000000000e+00 9.755331203930710238e-02 4.072050123056121240e-01 8.766509462549658752e-03 3.075337010727942078e-01 1.589767577589151992e+00
4.513933695774997368e+00 3.000000000000000000e+00 1.472349467677107338e-01 3.636041180071345469e-01 8.766351622627415255e-03 2.652463881223401376e-01 3.009653750247657911e+00
4.487550012737966831e+00 4.000000000000000000e+00 1.986284199429553532e-01 3.210982046615621366e-01 8.777250151115139828e-03 2.091397403691636070e-01 2.631371255987649871e+00
4.464453808983709138e+00 5.000000000000000000e+00 2.508611081911834573e-01 2.806045396102708755e-01 8.767531386139299637e-03 1.388534662576754730e-01 1.305871693912736831e+00
4.453004537921058770e+00 6.000000000000000000e+00 3.025833138968056502e-01 2.431950170275807288e-01 8.720800260569533738e-03 3.509689548863170749e-02 2.087158013093499243e+00
4.434802849776622757e+00 7.000000000000000000e+00 3.559175507519300452e-01 2.074211007146963270e-01 8.668232674860295792e-03 8.594346968608427284e-01 2.182812002762845704e+00
4.415881727451196781e+00 6.000000000000000000e+00 3.076921273241710053e-01 2.396450952844659255e-01 8.786373464347140699e-03 9.725453342053196337e-01 6.050314386183514026e-01
4.410565695273824360e+00 5.000000000000000000e+00 2.570285781672333458e-01 2.760032668301014569e-01 8.867103250467873315e-03 5.975590170620889152e-01 5.162471810447339493e+00
4.364789524702957557e+00 4.000000000000000000e+00 2.099584599842423127e-01 3.120828174752350304e-01 9.013103253164492581e-03 8.768108667129903555e-01 2.357756450174600893e+00
4.343538822371719732e+00 3.000000000000000000e+00 1.590134424276530289e-01 3.536291950086932201e-01 9.101792135186312707e-03 2.362733860004883057e-01 2.192006854786822778e+00
4.323587631620546823e+00 4.000000000000000000e+00 2.139791508463949887e-01 3.089143876520771270e-01 9.094888651930813778e-03 3.141574063301546538e-01 4.832529686698508797e+00
4.279636312212874216e+00 3.000000000000000000e+00 1.637975973711944810e-01 3.496172290810934946e-01 9.234012441936292892e-03 3.058340685753105914e-01 2.659874340128009162e+00
4.255074999462145513e+00 4.000000000000000000e+00 2.209253505125541028e-01 3.034786547369933141e-01 9.233917397930264601e-03 1.879604983399489893e-01 2.714371692983685413e+00
4.230010715461854254e+00 5.000000000000000000e+00 2.794390326909073075e-01 2.596040538047076907e-01 9.215131746430274898e-03 4.567818854437043496e-01 4.310894026441361326e+00
4.190285259063298184e+00 4.000000000000000000e+00 2.278100152219951768e-01 2.981386862957276507e-01 9.368969851203194296e-03 1.552351011757376886e-01 5.422520506161134790e+00
4.139481827923543023e+00 5.000000000000000000e+00 2.917951328150286683e-01 2.507770669522414453e-01 9.398203217633479753e-03 4.421945398537008298e-01 2.736808112642546309e+00
4.113760749113260395e+00 4.000000000000000000e+00 2.363643266417111699e-01 2.915697208126836193e-01 9.533106073329621413e-03 9.380798932582975480e-01 2.744934458977947855e+00
4.087592997751485768e+00 3.000000000000000000e+00 1.795502283091165718e-01 3.365689139338113867e-01 9.654283095143665130e-03 4.463591747012863875e-01 7.788235210906784278e-01
4.080074014997720155e+00 2.000000000000000000e+00 1.201417386492729528e-01 3.870752800335621746e-01 9.716517875378387001e-03 2.359966758563424305e-01 5.465592716820503405e+00
4.026967485665196023e+00 3.000000000000000000e+00 1.849971375293095466e-01 3.321148329177096015e-01 9.794554077793031152e-03 5.105806057220465544e-01 3.065546870236895760e+00
3.996941821066651634e+00 2.000000000000000000e+00 1.251913556052406395e-01 3.826450821538982527e-01 9.915481076041215286e-03 8.670325623700034789e-01 3.409820080365359996e-01
3.993560820418694757e+00 1.000000000000000000e+00 6.270171130186596997e-02 4.392640409982253025e-01 9.953410777025615067e-03 9.273496575039029688e-01 4.153684345546444057e+00
3.952217493889370381e+00 0.000000000000000000e+00 0.000000000000000000e+00 5.000000000000000000e-01 1.006744589195616470e-02 2.539481459465632307e-01 2.982340617870351096e+00
3.922192941087577545e+00 1.000000000000000000e+00 6.500430098600291917e-02 4.371084785873364797e-01 1.013377335470990771e-02 5.997360739696766530e-02 2.253775105006007085e+00
3.899353694980959073e+00 2.000000000000000000e+00 1.315360316736497726e-01 3.771148321405759507e-01 1.015940852346097420e-02 9.727733057331011679e-01 5.009513687357868506e+00
3.848459998927221015e+00 1.000000000000000000e+00 6.751900697008501873e-02 4.347604011810281555e-01 1.032706192582901264e-02 7.667207773242628033e-01 4.018402250128088049e+00
3.806961710047257696e+00 0.000000000000000000e+00 0.000000000000000000e+00 5.000000000000000000e-01 1.045157235702271273e-02 4.500682944340986813e-01 4.566258188127664042e+00
3.759237132193193887e+00 1.000000000000000000e+00 7.076207448755296447e-02 4.317415611053380120e-01 1.057097518317952692e-02 2.060612360808987686e-01 1.557208583381901157e+00
3.742775918903229471e+00 2.000000000000000000e+00 1.427717696310113193e-01 3.674201194707739648e-01 1.057607567515994086e-02 4.024471345896416530e-01 3.266201102161432335e+00
3.708232328876479578e+00 1.000000000000000000e+00 7.272205258007059803e-02 4.299221958856586645e-01 1.071561515924571682e-02 6.942213032450471610e-01 4.404439070360537833e+00
3.661036054806150020e+00 0.000000000000000000e+00 0.000000000000000000e+00 5.000000000000000000e-01 1.086816277614633536e-02 9.582448122232604115e-01 1.168681364308231441e+00
3.648334635505399604e+00 -1.000000000000000000e+00 -7.512952924762827944e-02 5.723073061651431370e-01 1.089056634863187593e-02 6.742857396345081078e-01 3.581817781531205558e+00
3.609326611306924448e+00 -2.000000000000000000e+00 -1.535244777033759056e-01 6.417395950763287171e-01 1.095813232150371318e-02 1.963738414160574042e-01 2.043969101030493452e+00
3.586928527436767489e+00 -1.000000000000000000e+00 -7.772389454225525629e-02 5.747033926508474666e-01 1.107590025843707172e-02 5.370091130823783088e-01 1.509283189568634942e+00
3.570211857367369568e+00 0.000000000000000000e+00 0.000000000000000000e+00 5.000000000000000000e-01 1.114464277263186448e-02 2.107017937421191700e-01 1.011506940145617151e+00
3.558938973857408872e+00 1.000000000000000000e+00 7.895123316925906076e-02 4.241654154402142995e-01 1.116246676628178218e-02 2.821748629476320547e-01 1.778538744677828687e+00
3.539086094227398060e+00 2.000000000000000000e+00 1.596789765013334195e-01 3.530697112669232696e-01 1.117006531024817943e-02 3.078375197638795191e-01 3.994291667939913637e+00
3.494469595428328912e+00 3.000000000000000000e+00 2.456737315816170109e-01 2.845040596130011812e-01 1.120900759054410840e-02 4.775080573163428266e-01 1.734594623046357365e+00
3.475026511132085272e+00 2.000000000000000000e+00 1.656203702862735772e-01 3.480946832406076052e-01 1.137029479593888552e-02 7.580656444905646829e-01 1.715766049356936440e+00
3.455517745350033643e+00 1.000000000000000000e+00 8.374786510730108935e-02 4.197589873477142741e-01 1.149429010299795814e-02 3.489126831512077143e-01 4.545206301814185501e+00
3.403273825539006925e+00 2.000000000000000000e+00 1.726776813451796899e-01 3.422311094721940394e-01 1.160283618042207490e-02 7.804202979453308542e-01 2.249822286274349548e+00
3.377169506116302955e+00 1.000000000000000000e+00 8.767873626986354141e-02 4.161650441270766110e-01 1.175895102913123227e-02 2.839099969630768383e-01 2.414170788033850101e+00
3.348781390043853889e+00 2.000000000000000000e+00 1.783431366447333355e-01 3.375600005494077127e-01 1.178554660109774541e-02 2.728106936551041306e-01 2.026382052423613800e+00
3.324899369933387305e+00 3.000000000000000000e+00 2.713715051237736153e-01 2.654497417727975650e-01 1.173807502512144024e-02 6.175079157429483878e-01 1.044941567898220125e+00
3.312633767412529906e+00 2.000000000000000000e+00 1.822565506254325007e-01 3.343521744975079257e-01 1.190977148368010420e-02 4.114639255561181042e-02 3.327641441291715907e+00
3.273002318267121513e+00 3.000000000000000000e+00 2.800455196156085846e-01 2.591672269127794914e-01 1.190846871513508501e-02 4.187290878032507990e-01 1.921717936285701978e+00
3.250117600343549462e+00 2.000000000000000000e+00 1.893354100801189766e-01 3.285885386749844428e-01 1.213051854601193517e-02 8.017282006640695791e-01 4.335748621579423201e+00
3.197522721278634794e+00 1.000000000000000000e+00 9.780762685364036146e-02 4.069755390817301199e-01 1.241371001041649547e-02 2.405043482061096638e-01 1.587908375389931681e+00
3.177810887183432520e+00 2.000000000000000000e+00 1.980495675614782625e-01 3.215622480441659992e-01 1.239555397391780937e-02 8.974972419200945017e-01 7.463282050633645248e+00
3.085299371702231230e+00 1.000000000000000000e+00 1.050522548438670434e-01 4.004657332800233283e-01 1.286045344349180490e-02 7.800653068629064268e-01 1.932753133796695222e-01
3.082813763532735507e+00 0.000000000000000000e+00 0.000000000000000000e+00 5.000000000000000000e-01 1.290662973016512387e-02 1.176319263259637538e-01 2.260768759846686349e-01
3.079895873003848816e+00 1.000000000000000000e+00 1.054211943794858553e-01 4.001356197327128328e-01 1.288276276291481712e-02 9.797198510245421765e-01 1.782643530960579259e+00
3.056930499303638804e+00 0.000000000000000000e+00 0.000000000000000000e+00 5.000000000000000000e-01 1.301591115075648869e-02 6.512699760452966835e-01 2.156157057339139982e+00
3.028866150618235942e+00 -1.000000000000000000e+00 -1.090033477913336379e-01 6.030624828764744594e-01 1.309725707270642005e-02 2.539030711690023479e-01 8.489827827432423479e-01
3.017746804862345922e+00 0.000000000000000000e+00 0.000000000000000000e+00 5.000000000000000000e-01 1.318491521848825024e-02 9.597382649768827489e-01 2.319646060984661862e+00
2.987162468211363109e+00 -1.000000000000000000e+00 -1.120681781905854130e-01 6.057885399091069711e-01 1.327782336465434428e-02 8.820644035641134195e-02 1.244386150804992042e+00
2.970639728703552418e+00 0.000000000000000000e+00 0.000000000000000000e+00 5.000000000000000000e-01 1.339399570689053277e-02 6.252296041246383496e-01 5.423457153951698473e+00
2.897997966867018604e+00 -1.000000000000000000e+00 -1.190704094646826000e-01 6.119815282596390293e-01 1.368071983884916812e-02 8.283375982388776482e-01 8.884160432181609224e-01
2.885843795879412088e+00 -2.000000000000000000e+00 -2.401509757845788906e-01 7.113147301994362515e-01 1.358281856908319200e-02 5.308695662374085522e-02 4.454197978173286110e+00
2.825343232871107002e+00 -1.000000000000000000e+00 -1.252730265556237510e-01 6.174263609644207174e-01 1.402710786170281373e-02 8.837708351611017754e-01 1.538264607071835766e+00
2.803765829307870661e+00 -2.000000000000000000e+00 -2.544172292834449012e-01 7.220531660053124412e-01 1.395378730284283983e-02 8.528200758762329858e-01 1.119500990706308485e+00
2.788144550598233185e+00 -3.000000000000000000e+00 -3.859141323661279821e-01 8.114492735861773554e-01 1.369567289369850310e-02 7.877063790896270401e-01 3.354820188365069011e+00
2.742198030681209264e+00 -2.000000000000000000e+00 -2.659698243271515494e-01 7.305998506008436477e-01 1.424369268036780253e-02 7.581807528349003844e-01 1.413655026224897027e+00
2.722062362931604529e+00 -3.000000000000000000e+00 -4.048788709557201160e-01 8.229154208825307792e-01 1.396330536744548427e-02 9.828722398664928583e-01 1.130418580331367107e+00
2.706277983101403439e+00 -4.000000000000000000e+00 -5.461540803182720616e-01 8.970119405941232582e-01 1.340378108354639899e-02 9.613547043854487884e-01 2.627489198264530312e+00
2.671059693088482678e+00 -5.000000000000000000e+00 -7.008140770089593685e-01 9.552438917419995290e-01 1.240397775367602790e-02 9.884700578607902299e-01 4.985086833260853112e+00
2.609224786908571847e+00 -6.000000000000000000e+00 -8.813091097736575064e-01 9.929562362886391602e-01 9.787014903236974928e-03 9.944142663456719822e-01 2.065107559391891723e+00
2.589013548448015900e+00 -7.000000000000000000e+00 -1.000000000000000000e+00 1.000000000000000000e+00 0.000000000000000000e+00 3.896633670373024216e-01 4.021085146070664251e+00
