5.000000000000000000e+00 0.000000000000000000e+00 0.000000000000000000e+00 5.000000000000000000e-01 7.957747154594766933e-03 5.872194268946746565e-01 2.063684216324405352e+00
4.983577722799561904e+00 -1.000000000000000000e+00 -4.026405664532593798e-02 5.394534595165569879e-01 7.980731631478804600e-03 5.665611374568224612e-01 2.860513554062857455e+00
4.960748731796378763e+00 -2.000000000000000000e+00 -8.127098728254707194e-02 5.779685005956071153e-01 8.007423709472457837e-03 3.899606158684953972e-01 5.131740810019270072e+00
4.919656708763363362e+00 -1.000000000000000000e+00 -4.131715430175682269e-02 5.404636006819591998e-01 8.084251139475985212e-03 1.176688190323315064e-01 4.226655949092005038e+00
4.885487360590743400e+00 0.000000000000000000e+00 0.000000000000000000e+00 5.000000000000000000e-01 8.144271561100233786e-03 6.330936209069962795e-01 4.327869903444319988e+00
4.850240012815980606e+00 -1.000000000000000000e+00 -4.250828070950589399e-02 5.416048037450668096e-01 8.199747910871935455e-03 5.918461626051176871e-01 2.551357513499506791e+00
4.829319524374775519e+00 -2.000000000000000000e+00 -8.575473597146482385e-02 5.820777986006969718e-01 8.223791160619421670e-03 3.675383032682312257e-01 5.158119198801729866e+00
4.786900229302248455e+00 -1.000000000000000000e+00 -4.364065380406850769e-02 5.426884004718451893e-01 8.308043060929656484e-03 8.146880655370527524e-01 1.802560185394631809e+00
4.771924481662072282e+00 -2.000000000000000000e+00 -8.782999771596435024e-02 5.839729434665712482e-01 8.321947438358489810e-03 2.788476810938018691e-01 2.700444517176671777e+00
4.749451524329924901e+00 -1.000000000000000000e+00 -4.433156685337917569e-02 5.433489229435413126e-01 8.373423174527314106e-03 6.708058673450961740e-01 4.926588811072300622e+00
4.708199111407925130e+00 -2.000000000000000000e+00 -9.022364191828562141e-02 5.861534891377860879e-01 8.433677178320393708e-03 9.759057745062450495e-01 3.423405615963043047e+00
4.679327213592443968e+00 -3.000000000000000000e+00 -1.370106806883585326e-01 6.276247173770148624e-01 8.462805164365152025e-03 3.494469424389332612e-01 4.086597614331016537e+00
4.644743134197200973e+00 -2.000000000000000000e+00 -9.270573314717781011e-02 5.884085566679999602e-01 8.547916572982441896e-03 1.471540841057721316e-01 3.761489393075203136e+00
4.612590236675035982e+00 -1.000000000000000000e+00 -4.700134101880434206e-02 5.458967779900213424e-01 8.621346107802992445e-03 2.488888389282890579e-01 2.900787043851972946e+00
4.587581547584957065e+00 0.000000000000000000e+00 0.000000000000000000e+00 5.000000000000000000e-01 8.673139727384211739e-03 4.401211786270511350e-01 7.781212207404730741e-01
4.580832793512632506e+00 1.000000000000000000e+00 4.765529041570195495e-02 4.534802229366005077e-01 8.680980414924059987e-03 5.458215715449510341e-02 7.232579524765205825e-01
4.574554205392245443e+00 2.000000000000000000e+00 9.557238843817060514e-02 4.089946522777176963e-01 8.677886033119388415e-03 5.266752841881254810e-01 2.325543465455522707e+00
4.554373404233956535e+00 1.000000000000000000e+00 4.821062154862213595e-02 4.529515104664301184e-01 8.731297470408679734e-03 7.326948139120096348e-01 1.930903108279874880e+00
4.537514114809027888e+00 0.000000000000000000e+00 0.000000000000000000e+00 5.000000000000000000e-01 8.768840110737250934e-03 6.480657152795610276e-01 4.460146710294846883e+00
4.498403801436021254e+00 -1.000000000000000000e+00 -4.941776786280623057e-02 5.481967099725351122e-01 8.839671947168632055e-03 1.652278896036799560e-01 9.194936017796501160e-01
4.490275779638768228e+00 0.000000000000000000e+00 0.000000000000000000e+00 5.000000000000000000e-01 8.861089546748227366e-03 7.778066655666483475e-01 1.456963007346468331e+00
4.477365499964371942e+00 -1.000000000000000000e+00 -4.988326861139544960e-02 5.486390983677171818e-01 8.881104959846146049e-03 6.732523078973088326e-01 4.263684909870561590e+00
4.439499266764099339e+00 -2.000000000000000000e+00 -1.014756912663209165e-01 5.963270333073320550e-01 8.939245915046106772e-03 3.310155728762764760e-01 1.508343893771841415e+00
4.426015809773214293e+00 -1.000000000000000000e+00 -5.104745303001170104e-02 5.497445317995860448e-01 8.983876890595265952e-03 5.087381543069505740e-01 1.563919676291518623e+00
4.411965747934631921e+00 0.000000000000000000e+00 0.000000000000000000e+00 5.000000000000000000e-01 9.018369145680717527e-03 6.503139275172709066e-02 6.759959042615514280e-01
4.405869367329033004e+00 1.000000000000000000e+00 5.151536335359058888e-02 4.498115529771356536e-01 9.024848267138171204e-03 4.654977742771228000e-01 3.198282037642164455e-01
4.402982966318509384e+00 0.000000000000000000e+00 0.000000000000000000e+00 5.000000000000000000e-01 9.036768045060735235e-03 8.495631030626692448e-01 2.431364829715028986e+00
4.381011286319456133e+00 -1.000000000000000000e+00 -5.210162347024172025e-02 5.507443338861243154e-01 9.075917418067801917e-03 4.078927052297274258e-01 1.163375966466543954e+00
4.370452582121640894e+00 0.000000000000000000e+00 0.000000000000000000e+00 5.000000000000000000e-01 9.104030995723181793e-03 3.557759096032271362e-01 2.760056825229016741e+00
4.345324939234799011e+00 1.000000000000000000e+00 5.296091548734746524e-02 4.484415137972815324e-01 9.150246917719357873e-03 3.669592946410139556e-01 3.371494990155735394e+00
4.314474927593019871e+00 2.000000000000000000e+00 1.074420031108302420e-01 3.983298889054035508e-01 9.195380828294054398e-03 8.385160184497517655e-01 2.847316700971367798e+00
4.288292766188826377e+00 1.000000000000000000e+00 5.437899101609257324e-02 4.470995463158715655e-01 9.271586573977171411e-03 7.650728499316341580e-01 4.727494447595151916e-01
4.283909628783939105e+00 0.000000000000000000e+00 0.000000000000000000e+00 5.000000000000000000e-01 9.287949378210516929e-03 7.389620118003084048e-01 2.542566409725917520e+00
4.260294400679666360e+00 -1.000000000000000000e+00 -5.509608973335051313e-02 5.535783001813978643e-01 9.332334963850047807e-03 7.523546865778338866e-01 3.433039657715786230e-01
4.257090573076667717e+00 -2.000000000000000000e+00 -1.103581001044880716e-01 6.042686449751519806e-01 9.317830066229201846e-03 5.774124685948447411e-01 1.268595921377464908e+00
4.245270011858560899e+00 -1.000000000000000000e+00 -5.548675976137088656e-02 5.539473695069628834e-01 9.365261392286577946e-03 5.136922605623643889e-01 2.265856858114314143e+00
4.224049670104815135e+00 0.000000000000000000e+00 0.000000000000000000e+00 5.000000000000000000e-01 9.419570999501651956e-03 5.007797764017218878e-02 8.632694630330673968e-01
4.215918042106073571e+00 1.000000000000000000e+00 5.626206665209500246e-02 4.453206434198874186e-01 9.430258943803788985e-03 4.805033588262583866e-01 6.712694249013894776e+00
4.152615597127289782e+00 0.000000000000000000e+00 0.000000000000000000e+00 5.000000000000000000e-01 9.581608227956138479e-03 8.484746745407290014e-01 8.340178055141251878e-01
4.144624365259713450e+00 -1.000000000000000000e+00 -5.821429581770876799e-02 5.565198436989329256e-01 9.591935233272180436e-03 1.255004523012450690e-01 1.320144932369507362e+00
4.131961620569892801e+00 0.000000000000000000e+00 0.000000000000000000e+00 5.000000000000000000e-01 9.629502746321745577e-03 9.385810469796405098e-01 6.470504599988029959e+00
4.069653878754220244e+00 -1.000000000000000000e+00 -6.037887979095462460e-02 5.585560752285493313e-01 9.768006607048556472e-03 6.787843097956844929e-01 3.478128975775196974e+00
4.035679491938680918e+00 -2.000000000000000000e+00 -1.227995173677392388e-01 6.152596566348643714e-01 9.821789200780679449e-03 3.612605047398530500e-01 2.354018305718456272e+00
4.012558820365135226e+00 -1.000000000000000000e+00 -6.210937748399862623e-02 5.601805900982737008e-01 9.906469003030276763e-03 5.814303017631778925e-01 3.145190341455079253e+00
3.981401089738880295e+00 -2.000000000000000000e+00 -1.261705899359869265e-01 6.182110810535894618e-01 9.953559668303357810e-03 2.370889985137379918e-01 2.072471084039801514e+00
3.960772625143056835e+00 -1.000000000000000000e+00 -6.374412683987783212e-02 5.617124699865886361e-01 1.003547506516174609e-02 7.495525800408112671e-01 3.845168621422869748e+00
3.922184531321425194e+00 -2.000000000000000000e+00 -1.300091594894320635e-01 6.215579687138577114e-01 1.010130152212240090e-02 9.974863139597369699e-01 1.262277426757419052e+00
3.909433886429179772e+00 -3.000000000000000000e+00 -1.962878909204197886e-01 6.770234228594265158e-01 1.007765230996495419e-02 4.810849812647807200e-01 2.661742429051479064e+00
3.882609771690517242e+00 -2.000000000000000000e+00 -1.326729876851524825e-01 6.238719268545002139e-01 1.020243815484674597e-02 3.379748112650456937e-01 2.644718170303606453e+00
3.855627198120995303e+00 -1.000000000000000000e+00 -6.726821903460335206e-02 5.650057123885596777e-01 1.030795262722787944e-02 7.305755903521382599e-02 3.000426347934419979e+00
3.824698945465001110e+00 0.000000000000000000e+00 0.000000000000000000e+00 5.000000000000000000e-01 1.040310265992357153e-02 4.769869584864078194e-01 2.200057885990342577e+00
3.801811517419269038e+00 1.000000000000000000e+00 6.918609772286228587e-02 4.332072603361964425e-01 1.045317658303764573e-02 1.424223924933720742e-02 7.114909933876097936e-01
3.794374176428147560e+00 2.000000000000000000e+00 1.389151728865094804e-01 3.707335397425349233e-01 1.043516114380137021e-02 4.163734619304804152e-01 2.691723813676699439e+00
3.766285604677823695e+00 1.000000000000000000e+00 7.049746480201873888e-02 4.319874814697372001e-01 1.055129118686732627e-02 2.058543386360390803e-01 7.205099281731363048e-01
3.758683294622640059e+00 2.000000000000000000e+00 1.415658588822205910e-01 3.684545873183098230e-01 1.053224208300360294e-02 6.588730691992441546e-01 2.592011178398062388e+00
3.731383605409900106e+00 1.000000000000000000e+00 7.182244772898246921e-02 4.307567842699087102e-01 1.064947885573383317e-02 7.119640560114016692e-01 1.176222087046708165e+00
3.718857453164249094e+00 0.000000000000000000e+00 0.000000000000000000e+00 5.000000000000000000e-01 1.069918282001343021e-02 2.219471424167505091e-01 4.832778944058089832e-01
3.713686774619130215e+00 1.000000000000000000e+00 7.250858966854245580e-02 4.301201581193180856e-01 1.069996016875218899e-02 8.358764612340583433e-01 1.001995483494116268e+00
3.702965462856473433e+00 0.000000000000000000e+00 0.000000000000000000e+00 5.000000000000000000e-01 1.074510042615432238e-02 6.464770547701559344e-01 2.545057828587549587e+00
3.675618560897929932e+00 -1.000000000000000000e+00 -7.401830372089118759e-02 5.712789490780321167e-01 1.081017727597441067e-02 5.823495995063235897e-01 3.061097959488949360e+00
3.642527549296731060e+00 -2.000000000000000000e+00 -1.507385403045845840e-01 6.393774865380061900e-01 1.086062064351814641e-02 2.113368421292527444e-01 2.427498117531247779e+00
3.616163413129369619e+00 -1.000000000000000000e+00 -7.647225632195783773e-02 5.735482533284722573e-01 1.098689116771829795e-02 7.769091283810114490e-02 1.299589906083861601e+00
3.601884960268561198e+00 0.000000000000000000e+00 0.000000000000000000e+00 5.000000000000000000e-01 1.104664258072449341e-02 3.728966511912030768e-01 2.053138445926457223e+00
3.579204673687667260e+00 1.000000000000000000e+00 7.805970978451484688e-02 4.249869493613064875e-01 1.109965555720954233e-02 5.182996567876281269e-01 2.367421661065463923e+00
3.552927108691163571e+00 0.000000000000000000e+00 0.000000000000000000e+00 5.000000000000000000e-01 1.119886070154456868e-02 8.919208686686785903e-02 1.206455278893957539e+00
3.539416184080187211e+00 1.000000000000000000e+00 7.982459710781050766e-02 4.233613860439016108e-01 1.122364475965843648e-02 7.065238258926195281e-01 5.769001779049858225e-01
3.532941261421597812e+00 0.000000000000000000e+00 0.000000000000000000e+00 5.000000000000000000e-01 1.126221265194867795e-02 5.608765387114638123e-01 4.644506847353910395e+00
3.480633837643266393e+00 -1.000000000000000000e+00 -8.254358443900695896e-02 5.791368627729872598e-01 1.141192414216023361e-02 3.576910592391809862e-01 2.861070928375728517e-01
3.477368805203270075e+00 0.000000000000000000e+00 0.000000000000000000e+00 5.000000000000000000e-01 1.144219609764630073e-02 4.735618595801471820e-01 3.247307035420374799e+00
3.440212481314723902e+00 1.000000000000000000e+00 8.449469948255428076e-02 4.190749776377692970e-01 1.154506149725054165e-02 4.544491197316788966e-01 3.625716318540803673e+00
3.398353363445585362e+00 0.000000000000000000e+00 0.000000000000000000e+00 5.000000000000000000e-01 1.170823970248700135e-02 3.174398195746704898e-01 1.111666915445306714e+00
3.385337700730227439e+00 1.000000000000000000e+00 8.725614151377147909e-02 4.165506756021641888e-01 1.173079774541711286e-02 2.381717592498581171e-01 1.850685451154235439e+00
3.363627684012350905e+00 2.000000000000000000e+00 1.767722782559198735e-01 3.388519409239743041e-01 1.173523112685921632e-02 6.585173406486222181e-02 2.465828363837579307e+00
3.334690618243551619e+00 3.000000000000000000e+00 2.697802540696771501e-01 2.666104386732726095e-01 1.170638048082602023e-02 6.328413941670202325e-01 5.050701465675527801e-01
3.328778074938325116e+00 2.000000000000000000e+00 1.804929782157602691e-01 3.357958793768371919e-01 1.185398661615229797e-02 6.958427263672237739e-01 6.772817862452474857e-01
3.320749585708810070e+00 1.000000000000000000e+00 9.068338975416456726e-02 4.134283488344883128e-01 1.195711878516595578e-02 5.976715791788896892e-01 3.372077422520535439e+00
3.280429255414955669e+00 0.000000000000000000e+00 0.000000000000000000e+00 5.000000000000000000e-01 1.212912478063508416e-02 3.853960162772362974e-02 4.639687169250509946e+00
3.224153910796004663e+00 1.000000000000000000e+00 9.619853739972568374e-02 4.084285418991975281e-01 1.231214626787308260e-02 7.383051667130025031e-02 3.309436535793327305e+00
3.183407644103073864e+00 2.000000000000000000e+00 1.973537968402443166e-01 3.221204637233858747e-01 1.237465583279552354e-02 7.574896332663580978e-01 4.423649110957556196e+00
3.128666508829922144e+00 1.000000000000000000e+00 1.021601339059761415e-01 4.030582125738673138e-01 1.268411786626433800e-02 4.635163606577993312e-01 3.744809280229396409e-01
3.123916548600210952e+00 0.000000000000000000e+00 0.000000000000000000e+00 5.000000000000000000e-01 1.273681135650140371e-02 9.388433828976430195e-01 7.836078684211266854e+00
3.024109892624710305e+00 -1.000000000000000000e+00 -1.093464938838367567e-01 6.033681660214927911e-01 1.311760674596385359e-02 2.200767006871854337e-01 4.147496101178453465e+00
2.969704669789033247e+00 0.000000000000000000e+00 0.000000000000000000e+00 5.000000000000000000e-01 1.339821302021941898e-02 5.141991929149677398e-01 6.733939521302930720e-01
2.960682394171864296e+00 -1.000000000000000000e+00 -1.140817981021674948e-01 6.075744697730556254e-01 1.339502924000171395e-02 1.555730415323633986e-01 4.168145128761827856e+00
2.904849968295529106e+00 0.000000000000000000e+00 0.000000000000000000e+00 5.000000000000000000e-01 1.369734623379553241e-02 8.061781534437340024e-02 2.448036900823282291e+00
2.871318359271844756e+00 1.000000000000000000e+00 1.212934375045164603e-01 3.860626114863145442e-01 1.380595961616079038e-02 6.269279263838140048e-01 4.639219777814054702e+00
2.807269478368849658e+00 0.000000000000000000e+00 0.000000000000000000e+00 5.000000000000000000e-01 1.417346502698162147e-02 7.042097912367907275e-01 3.403708096495382307e+00
2.759027140701117986e+00 -1.000000000000000000e+00 -1.313675361556466692e-01 6.227388213778440873e-01 1.435853057076127287e-02 9.767070364480761047e-01 1.867602070724544872e+00
2.732211119274602584e+00 -2.000000000000000000e+00 -2.679177496691884652e-01 7.320277893752875631e-01 1.429168156499354900e-02 8.327186930378046581e-01 1.088652587449988607e+00
2.716652443159861097e+00 -3.000000000000000000e+00 -4.064930215987194173e-01 8.238747332944909019e-01 1.398538317736506241e-02 9.520341060398760380e-01 3.771638543113697839e-01
2.711377662136664757e+00 -4.000000000000000000e+00 -5.441015508763463737e-01 8.960783020433237267e-01 1.339016121111134480e-02 1.068440161849628645e-01 3.883880578193456667e+00
2.659371875069949986e+00 -3.000000000000000000e+00 -4.241926232624090853e-01 8.342229324472869578e-01 1.422029754219335251e-02 9.471013313092341290e-01 1.510116155653472791e+00
2.637897574013284618e+00 -4.000000000000000000e+00 -5.748362325608806778e-01 9.096178854284872051e-01 1.357594343081021740e-02 9.781936186404568412e-01 1.255028760122385512e+00
2.620859374561823163e+00 -5.000000000000000000e+00 -7.279181803988280519e-01 9.629857417212577264e-01 1.235056294888316544e-02 9.761800544398193669e-01 1.704858255803801903e+00
2.599803415354595248e+00 -6.000000000000000000e+00 -8.877081977308692862e-01 9.936952755715752206e-01 9.649778005578396600e-03 9.967516383168067984e-01 3.075765906967056762e-01
2.596835369534659321e+00 -7.000000000000000000e+00 -1.000000000000000000e+00 1.000000000000000000e+00 0.000000000000000000e+00 4.012349806618112913e-01 4.315155177572305711e-01
