5.000000000000000000e+00 0.000000000000000000e+00 0.000000000000000000e+00 5.000000000000000000e-01 7.957747154594766933e-03 4.226643824828556495e-01 2.334547006485340859e+00
4.981422265201873145e+00 1.000000000000000000e+00 4.029890863683507907e-02 4.605130923818249178e-01 7.984179272097586752e-03 2.266928664489709089e-01 5.255322025049066204e-01
4.977226321883813753e+00 2.000000000000000000e+00 8.073376705785524632e-02 4.225252035138207796e-01 7.981089442979691362e-03 7.924276307853231893e-01 6.153504388011923787e+00
4.928114652975322585e+00 1.000000000000000000e+00 4.117545374100653466e-02 4.596722552543823781e-01 8.070400067270654468e-03 9.520486375590104799e-01 1.823441609962951349e+00
4.913398749683613786e+00 0.000000000000000000e+00 0.000000000000000000e+00 5.000000000000000000e-01 8.098006654871219359e-03 4.176523544467890536e-01 3.415978964064346535e+00
4.885736129299720787e+00 1.000000000000000000e+00 4.189285750643532286e-02 4.589846482485919199e-01 8.140280596887032594e-03 3.982002173603964579e-01 4.102372855395829632e+00
4.852341663143746153e+00 2.000000000000000000e+00 8.494293247751462383e-02 4.186647184114251630e-01 8.185059192964539918e-03 1.995173893816548638e-02 2.273423473507254045e+00
4.833733557442414508e+00 3.000000000000000000e+00 1.283972845943971708e-01 3.798456467512101309e-01 8.197262335987174145e-03 6.059561167735235676e-01 1.974858663046024976e+00
4.817545122904929755e+00 2.000000000000000000e+00 8.617442880821003792e-02 4.175385872820006061e-01 8.243740556363255215e-03 9.443495509790109654e-01 1.453849388156968958e+00
4.805559965740936690e+00 1.000000000000000000e+00 4.330240306245942278e-02 4.576351459930324550e-01 8.275844355921060935e-03 7.560357869971281453e-01 3.678877781512051470e+00
4.775114145816687028e+00 0.000000000000000000e+00 0.000000000000000000e+00 5.000000000000000000e-01 8.332520345682496027e-03 6.429867474888484313e-01 5.195878193708504789e+00
4.731819385053922744e+00 -1.000000000000000000e+00 -4.466256710702858762e-02 5.436651946567336857e-01 8.404562944536253868e-03 1.897198343596525616e-01 4.288092727032735141e+00
4.695779839817568302e+00 0.000000000000000000e+00 0.000000000000000000e+00 5.000000000000000000e-01 8.473296689846436872e-03 5.481316887349642064e-01 4.986306493191442257e+00
4.653529385514249661e+00 -1.000000000000000000e+00 -4.617799566449107274e-02 5.451117920226962177e-01 8.545664674078041340e-03 5.275413298494269210e-01 4.337741128118152822e+00
4.616460504390395236e+00 0.000000000000000000e+00 0.000000000000000000e+00 5.000000000000000000e-01 8.618883609018973199e-03 8.881598396807832696e-02 2.567466298058758145e+00
4.594331811197347903e+00 1.000000000000000000e+00 4.737566126987687726e-02 4.537465653705021751e-01 8.655531713316174519e-03 9.761500939723609660e-01 1.942792389965854571e+00
4.577515910053609360e+00 0.000000000000000000e+00 0.000000000000000000e+00 5.000000000000000000e-01 8.692211355417846230e-03 3.406304621077371753e-01 1.597454591190671902e+00
4.563630497116297313e+00 1.000000000000000000e+00 4.801523431761856725e-02 4.531374970456693574e-01 8.713627552165752188e-03 6.751262972662641637e-01 9.442433600622831547e-01
4.555402712158109324e+00 0.000000000000000000e+00 0.000000000000000000e+00 5.000000000000000000e-01 8.734405778610961069e-03 6.163264198848462661e-01 2.259240284492286310e+00
4.535669590761969516e+00 -1.000000000000000000e+00 -4.860905519924323126e-02 5.474276350755616916e-01 8.767218061626086412e-03 6.502714755899682286e-01 2.323072369746632670e+00
4.515302708723462288e+00 -2.000000000000000000e+00 -9.809711918715524614e-02 5.932855967907457728e-01 8.790673135004176825e-03 9.697103572292153917e-01 1.085224621990820593e+00
4.505762853793482847e+00 -3.000000000000000000e+00 -1.477694286416839919e-01 6.368515266211390857e-01 8.781892880456913450e-03 6.582604934425306809e-04 3.673322623975382228e+00
4.473504127994371693e+00 -2.000000000000000000e+00 -9.993884151058433918e-02 5.949449554893454506e-01 8.871990540120987603e-03 5.147470279741784838e-01 1.811824374367750234e+00
4.457429639284620215e+00 -1.000000000000000000e+00 -5.033047242571723340e-02 5.490638941984192778e-01 8.920725452118520582e-03 3.473470115717517404e-01 3.055310306901741324e+00
4.430174054865721800e+00 0.000000000000000000e+00 0.000000000000000000e+00 5.000000000000000000e-01 8.981303054960856555e-03 1.747025683259565421e-01 1.243766188870433664e+00
4.419003413793962665e+00 1.000000000000000000e+00 5.120959319748535910e-02 4.501016180202406236e-01 8.998095740424602931e-03 8.855224613765879660e-01 1.244985167942085580e+00
4.407800918057411366e+00 0.000000000000000000e+00 0.000000000000000000e+00 5.000000000000000000e-01 9.026890395610101189e-03 1.373794004896131682e-01 1.817279763672754678e+00
4.391396532812577469e+00 1.000000000000000000e+00 5.185548382576903731e-02 4.494890117756332737e-01 9.054511830754102125e-03 3.224228317894237694e-01 2.132034521284371653e+00
4.372092001016032015e+00 2.000000000000000000e+00 1.046288402348509311e-01 4.008447568695940322e-01 9.075573400362739462e-03 9.157268128664174389e-01 2.484840427018894182e+00
4.349540649332433340e+00 1.000000000000000000e+00 5.285830250583471723e-02 4.485386975660644593e-01 9.141403116153027503e-03 1.124792211321072877e-01 4.202534036011847718e+00
4.311123591599895555e+00 2.000000000000000000e+00 1.076091123109799846e-01 3.981807482151985544e-01 9.202445149150221756e-03 6.140726126119517847e-01 3.371966650861486059e+00
4.280093253450578672e+00 1.000000000000000000e+00 5.458754176376533901e-02 4.469023580941400842e-01 9.289295479967990196e-03 7.986584565732347540e-01 6.233466090263770631e-01
4.274302802612896635e+00 0.000000000000000000e+00 0.000000000000000000e+00 5.000000000000000000e-01 9.308824762871464181e-03 3.392759149977635502e-01 2.104649765230256708e+00
4.254710986761149449e+00 1.000000000000000000e+00 5.524078869002829739e-02 4.462849836775198975e-01 9.344544251691290840e-03 7.195627393107698611e-01 5.897431665661689415e+00
4.199602175590047892e+00 0.000000000000000000e+00 0.000000000000000000e+00 5.000000000000000000e-01 9.474405934029567211e-03 3.169976716943200268e-01 3.117930868546292533e+00
4.170061632867199108e+00 1.000000000000000000e+00 5.750625056945436048e-02 4.441472338578240642e-01 9.533620781056038884e-03 6.745449567998691442e-01 3.319707909460395179e+00
4.138412796554531425e+00 0.000000000000000000e+00 0.000000000000000000e+00 5.000000000000000000e-01 9.614491769912431735e-03 2.066079265644151786e-01 6.362058953233928893e-01
4.132296000209974451e+00 1.000000000000000000e+00 5.856216909208366433e-02 4.431525947323012304e-01 9.620453860325313758e-03 5.182995188389005747e-01 4.330973106035378883e+00
4.090630073273051615e+00 0.000000000000000000e+00 0.000000000000000000e+00 5.000000000000000000e-01 9.726798820783498500e-03 1.584068706047240260e-01 7.384358578199483603e+00
4.018803902962378771e+00 1.000000000000000000e+00 6.191649580718849855e-02 4.400003304193322862e-01 9.891134132122086919e-03 6.783839652967437184e-01 3.910855326845094737e+00
3.980121108353229964e+00 0.000000000000000000e+00 0.000000000000000000e+00 5.000000000000000000e-01 9.996865595237219501e-03 4.183085011440504930e-01 3.015959544947753312e-01
3.977106094132078606e+00 1.000000000000000000e+00 6.322162392799446362e-02 4.387768629380519037e-01 9.994427240081848671e-03 9.773333516364061113e-01 2.945952973489017523e+00
3.947662981485839939e+00 0.000000000000000000e+00 0.000000000000000000e+00 5.000000000000000000e-01 1.007906094303875032e-02 8.766510013785470123e-01 3.317087593093793529e+00
3.914229853481649979e+00 -1.000000000000000000e+00 -6.526905880541840344e-02 5.631390337867457907e-01 1.015430142263410059e-02 6.414521243563252595e-01 2.554042682739009695e+00
3.888295334234844969e+00 -2.000000000000000000e+00 -1.322852758415573593e-01 6.235355787393188631e-01 1.018778738575565508e-02 9.333385976821830798e-01 2.735760379029626321e+00
3.860423989154917024e+00 -3.000000000000000000e+00 -2.013034617084430711e-01 6.810419198605417446e-01 1.020024359421505683e-02 3.682528742066258909e-01 1.065257036954130987e+00
3.849558107887533165e+00 -2.000000000000000000e+00 -1.349609841621299267e-01 6.258537505391246203e-01 1.028842347790505894e-02 5.476707350084030201e-01 2.526795075882239394e-01
3.846958434109276848e+00 -1.000000000000000000e+00 -6.757172599657980394e-02 5.652887569195014228e-01 1.033107433879260247e-02 3.781870672490078578e-01 8.328362150748621628e-01
3.838354341259299751e+00 0.000000000000000000e+00 0.000000000000000000e+00 5.000000000000000000e-01 1.036609240196407176e-02 9.394953141512072392e-01 3.058461200693018966e+00
3.806650049845094141e+00 -1.000000000000000000e+00 -6.901032825569847207e-02 5.666291155527188872e-01 1.043995360478379084e-02 2.139176317309257058e-01 2.626587431676527640e+00
3.779228598919483151e+00 0.000000000000000000e+00 0.000000000000000000e+00 5.000000000000000000e-01 1.052826912464353316e-02 6.326750739593444139e-01 2.315869242925971072e+00
3.754846504272474128e+00 -1.000000000000000000e+00 -7.092765866685125931e-02 5.684122922848705572e-01 1.058327359943890197e-02 1.165281881930684271e-01 2.907707713394297233e+00
3.724073437994423585e+00 0.000000000000000000e+00 0.000000000000000000e+00 5.000000000000000000e-01 1.068419740787974678e-02 6.547659642369129118e-01 2.575747246844485527e+00
3.696553645936334398e+00 -1.000000000000000000e+00 -7.318228634810039490e-02 5.705044628305326881e-01 1.074928780590941706e-02 8.946943548670415192e-01 3.993664128107268785e-01
3.692260741425018367e+00 -2.000000000000000000e+00 -1.467051198298882642e-01 6.359439237377373377e-01 1.071763779740622646e-02 8.006892390674463789e-01 5.738530490638560355e-01
3.686110392296214844e+00 -3.000000000000000000e+00 -2.207926336819625857e-01 6.964179401378539636e-01 1.065937257184225787e-02 8.897321826976815062e-01 1.157983430323329621e+00
3.673767015480378539e+00 -4.000000000000000000e+00 -2.963717265442824544e-01 7.524536263968629735e-01 1.058161698525988265e-02 8.848430582971938962e-01 2.541572613284489357e+00
3.646873067546375857e+00 -5.000000000000000000e+00 -3.759488053805328245e-01 8.052800532470079098e-01 1.049494253305889406e-02 7.506982611158979912e-01 2.641377605507236215e+00
3.619151961368468839e+00 -4.000000000000000000e+00 -3.053840524776814114e-01 7.587543427238357951e-01 1.072491907666119938e-02 4.383985768347713474e-01 3.063917198875806935e+00
3.586291697352935515e+00 -3.000000000000000000e+00 -2.332545011660894507e-01 7.060506700089688170e-01 1.093951433330773992e-02 5.393797850061251564e-01 3.972090808935678563e+00
3.542838953015383652e+00 -2.000000000000000000e+00 -1.593408661497424939e-01 6.466461103370674257e-01 1.115854382429452667e-02 8.574017208747359842e-01 2.107196500273109674e+00
3.519325708520685936e+00 -3.000000000000000000e+00 -2.422157227222569154e-01 7.128814945553243465e-01 1.113491031048793704e-02 2.347220751722650656e-01 1.254696496452523569e+00
3.505354775565803660e+00 -2.000000000000000000e+00 -1.627668793571107331e-01 6.495203508492846112e-01 1.127465184577087706e-02 6.142405666665738950e-01 3.397489757566490853e-01
3.501524224149190179e+00 -1.000000000000000000e+00 -8.156159864515513669e-02 5.782354514583785132e-01 1.134430054414546987e-02 4.207770117384069808e-01 1.874102021022755915e+00
3.480263847572317548e+00 0.000000000000000000e+00 0.000000000000000000e+00 5.000000000000000000e-01 1.143267795650859849e-02 6.728855828660341709e-01 2.931382265134067300e+00
3.446750298167619242e+00 -1.000000000000000000e+00 -8.417446336773760918e-02 5.806317932261143566e-01 1.152331975289679414e-02 5.869813394994172207e-02 1.082315788366719822e+00
3.434278427264660927e+00 0.000000000000000000e+00 0.000000000000000000e+00 5.000000000000000000e-01 1.158576295302440884e-02 1.700762586014846756e-01 3.704272372184264750e+00
3.391361605647096766e+00 1.000000000000000000e+00 8.694643942806937198e-02 4.168334022365400848e-01 1.171012037207823375e-02 9.462495280745853998e-01 2.738409419975355252e+00
3.359294501711152403e+00 0.000000000000000000e+00 0.000000000000000000e+00 5.000000000000000000e-01 1.184437260642266093e-02 5.105977194401678521e-01 2.436927294326131754e+00
3.330430626822392437e+00 -1.000000000000000000e+00 -9.015695113420893470e-02 5.860928132153008230e-01 1.192264799626472326e-02 3.876084553787504383e-01 1.299684718323669275e+00
3.314934943419694857e+00 0.000000000000000000e+00 0.000000000000000000e+00 5.000000000000000000e-01 1.200287078090518308e-02 6.895521639277095716e-01 1.017032081632384122e+00
3.302727638763826246e+00 -1.000000000000000000e+00 -9.167575141704573105e-02 5.874735297181057359e-01 1.202181542257774877e-02 2.147990422063630334e-01 2.399959258968525244e+00
3.273875771530800005e+00 0.000000000000000000e+00 0.000000000000000000e+00 5.000000000000000000e-01 1.215340426749589482e-02 6.451642837031186239e-01 7.813651118340113610e-01
3.264379525446164276e+00 -1.000000000000000000e+00 -9.384231427266587211e-02 5.894391242986409818e-01 1.216180561497624130e-02 6.801921642839590110e-01 2.045561855078999347e+00
3.239501799791283165e+00 -2.000000000000000000e+00 -1.905783420856317634e-01 6.724182898495777438e-01 1.216876597378683048e-02 9.142033013341154257e-01 3.090689133239196362e+00
3.201891927031169427e+00 -3.000000000000000000e+00 -2.926226347934393623e-01 7.498086315967120719e-01 1.214857818840852158e-02 4.764713954308754662e-01 1.821839386202106281e+00
3.179759168801171043e+00 -2.000000000000000000e+00 -1.978069465944824190e-01 6.782431525339662759e-01 1.238827171858434412e-02 2.130264067632570146e-01 6.523469238632412903e+00
3.098944659325166384e+00 -1.000000000000000000e+00 -1.041291584591260283e-01 5.987077176384231203e-01 1.280445289230243075e-02 8.284590639098832199e-01 2.300875927851624869e+00
3.069483201895957691e+00 -2.000000000000000000e+00 -2.122753050582088796e-01 6.897449024894310998e-01 1.281326940464183432e-02 9.298211836909662242e-01 1.689996874228052448e+00
3.047828816653471051e+00 -3.000000000000000000e+00 -3.229535872541707264e-01 7.708040774940021489e-01 1.269537959389950219e-02 3.551300084000577062e-01 2.193603996402193168e+00
3.019980181240450090e+00 -2.000000000000000000e+00 -2.192915058847254295e-01 6.952471236081301242e-01 1.301284322835561356e-02 8.487165958612278294e-01 2.174166432550364458e+00
2.991688094301319101e+00 -3.000000000000000000e+00 -3.351881283648076026e-01 7.790125876664562021e-01 1.290361496011816975e-02 9.195849778424718401e-01 2.204797851636603134e+00
2.963238231758904551e+00 -4.000000000000000000e+00 -4.555403537380710577e-01 8.517818467961675299e-01 1.264757621048014785e-02 9.335505044257218499e-01 2.182100150807532835e+00
2.935639953802665847e+00 -5.000000000000000000e+00 -5.801822324252906560e-01 9.118765210142936173e-01 1.216795381546353395e-02 9.551504405222902561e-01 1.266621796908029340e+00
2.920227758276229491e+00 -6.000000000000000000e+00 -7.035869905919195366e-01 9.560696639268225772e-01 1.132018205349856824e-02 9.955765339552570259e-01 6.421720234926860726e+00
2.847532716120221963e+00 -7.000000000000000000e+00 -8.632977221098520060e-01 9.906562436098222957e-01 9.373503325877319964e-03 9.918758576502674229e-01 5.972834046528673113e+00
2.791546336320172017e+00 -8.000000000000000000e+00 -1.000000000000000000e+00 1.000000000000000000e+00 0.000000000000000000e+00 8.555875957706539081e-01 1.491435554257008578e+00
