5.000000000000000000e+00 0.000000000000000000e+00 0.000000000000000000e+00 5.000000000000000000e-01 7.957747154594766933e-03 3.447628505439531699e-01 1.854218778485578367e+00
4.985244595791510136e+00 1.000000000000000000e+00 4.023713566003130765e-02 4.605723778830305704e-01 7.978067514698506182e-03 2.674667988508101502e-01 1.995077512336023817e+00
4.969327732701036560e+00 2.000000000000000000e+00 8.099061856045643160e-02 4.222891215869462589e-01 7.993691435459564926e-03 8.313747091866094951e-01 1.172034421439356988e+00
4.959958851184312678e+00 1.000000000000000000e+00 4.064843719395769966e-02 4.601777105291978698e-01 8.018672671931676224e-03 3.104197058147971644e-01 2.417117894108445242e+00
4.940576773981987913e+00 2.000000000000000000e+00 8.193598724416344126e-02 4.214207657586744316e-01 8.039897364293856208e-03 5.829018003180941321e-01 2.506017842008482432e+00
4.920428647739150563e+00 1.000000000000000000e+00 4.130419127670555135e-02 4.595488268318058123e-01 8.082985014688549852e-03 4.599686954339802236e-01 9.725363834793510076e-01
4.912567650725247148e+00 0.000000000000000000e+00 0.000000000000000000e+00 5.000000000000000000e-01 8.099376660410932682e-03 2.831063874529646807e-01 3.663408139042097833e+00
4.882896328346330250e+00 1.000000000000000000e+00 4.194159987706238407e-02 4.589379490230613978e-01 8.145006492427508266e-03 9.077637994734022442e-02 2.447583195870851380e+00
4.862960747325205446e+00 2.000000000000000000e+00 8.457236345743925077e-02 4.190038788729493202e-01 8.167315175616156678e-03 2.018497300451610466e-01 1.822833517268054093e+00
4.848073091477000496e+00 3.000000000000000000e+00 1.276388660109293305e-01 3.805069740473486783e-01 8.173421688313014383e-03 1.638996832300509965e-01 3.464077398808004027e+00
4.819759726135588451e+00 4.000000000000000000e+00 1.721905108648774108e-01 3.426342751510763618e-01 8.193219840247014177e-03 5.178787533748211436e-01 3.448402631370945493e+00
4.791506205279080000e+00 3.000000000000000000e+00 1.306703772354118331e-01 3.778669965080105886e-01 8.268261111241811609e-03 8.300989953908425312e-01 3.274144714006213430e+00
4.764434721867684353e+00 2.000000000000000000e+00 8.810635479910189360e-02 4.157750100788907277e-01 8.334927356514969243e-03 9.971298798216606807e-01 4.089639010780822481e+00
4.730347877798456224e+00 1.000000000000000000e+00 4.469035851496241940e-02 4.563082555571355003e-01 8.407172187026230523e-03 4.438575135652584880e-01 3.885009811116305833e+00
4.697685931368114964e+00 2.000000000000000000e+00 9.062792555674516193e-02 4.134787848886143369e-01 8.452395220207558485e-03 3.211541492666613040e-01 4.087996541245404458e+00
4.663132568942667255e+00 3.000000000000000000e+00 1.379639850046544269e-01 3.715530455745278404e-01 8.491625799676197697e-03 9.600861184299561701e-01 9.820239695206346431e-01
4.654793588867184972e+00 2.000000000000000000e+00 9.230583189802576971e-02 4.119543514031674958e-01 8.529619705086923312e-03 9.910116489290456965e-01 2.923133629779663067e+00
4.629860370658014368e+00 1.000000000000000000e+00 4.665134967178427572e-02 4.544368245413152874e-01 8.589257658266916118e-03 8.318517516548754598e-01 3.438752949273213844e+00
4.600324035553581048e+00 0.000000000000000000e+00 0.000000000000000000e+00 5.000000000000000000e-01 8.649115902590076219e-03 8.365856026224472997e-01 1.015081865488735247e+01
4.512528428501286548e+00 -1.000000000000000000e+00 -4.910888775767159597e-02 5.479030463292737796e-01 8.812070212716387879e-03 5.628552015119437923e-01 1.165439189282070354e+00
4.502258496536681420e+00 -2.000000000000000000e+00 -9.866636828949718052e-02 5.937988421737778744e-01 8.815892114408972399e-03 8.658055107485249646e-01 1.099429780119086209e+00
4.492566042207783106e+00 -3.000000000000000000e+00 -1.486388424490283078e-01 6.375920897067347548e-01 8.807106108936009828e-03 6.785980884383063794e-01 2.093568801488442155e+00
4.474127759626716383e+00 -4.000000000000000000e+00 -1.998219665261642686e-01 6.798575573729724875e-01 8.802480741075181803e-03 1.737182297354850080e-01 4.299405242246284509e+00
4.436282327783765744e+00 -3.000000000000000000e+00 -1.524343700932913881e-01 6.408162515004220960e-01 8.916221449761884202e-03 2.692185064597211186e-01 6.002772736414266896e-01
4.430930122680719840e+00 -2.000000000000000000e+00 -1.018685661854489832e-01 5.966799637971094139e-01 8.956352644306848215e-03 8.320389821578707545e-01 6.536520452708258766e-01
4.425075784456601546e+00 -3.000000000000000000e+00 -1.532074305112604562e-01 6.414711721293291369e-01 8.938258041119988631e-03 3.414097211094977435e-01 2.064101267430621611e+00
4.406626314705303749e+00 -2.000000000000000000e+00 -1.029953335812710952e-01 5.976913142115124478e-01 9.005222909130503745e-03 6.057252296068236230e-01 1.750731691822053460e+00
4.390860585566366936e+00 -3.000000000000000000e+00 -1.556044305923516835e-01 6.434980611823666319e-01 9.006190414700401478e-03 9.571257431496926760e-02 7.851451664854649515e-01
4.383789418693817552e+00 -2.000000000000000000e+00 -1.040712156510974762e-01 5.986558066875489192e-01 9.051623704990408026e-03 3.433673267523231765e-01 2.013420982982753404e+00
4.365564689596125980e+00 -1.000000000000000000e+00 -5.247097617275473663e-02 5.510943745024938778e-01 9.107942320086341928e-03 6.645878597683624323e-01 6.968969039811933053e-01
4.359217392791618906e+00 -2.000000000000000000e+00 -1.052477791024549053e-01 5.997092315994553280e-01 9.102077682362827785e-03 5.740247456129917714e-01 2.266902972966131635e+00
4.338583865833301800e+00 -1.000000000000000000e+00 -5.312561935593988066e-02 5.517144536399637422e-01 9.164423937669792172e-03 5.092275947184836671e-01 3.880517966257905460e+00
4.303021154092769862e+00 0.000000000000000000e+00 0.000000000000000000e+00 5.000000000000000000e-01 9.246697691720439510e-03 8.895364231789725240e-01 2.723894497679836491e+00
4.277834125128583409e+00 -1.000000000000000000e+00 -5.464521245449012465e-02 5.531521628323919915e-01 9.294186473841784674e-03 4.023276165564543261e-01 2.507730489639281579e+00
4.254526810331737074e+00 0.000000000000000000e+00 0.000000000000000000e+00 5.000000000000000000e-01 9.352094262598241795e-03 6.715520048231005124e-02 2.191727442468761389e+00
4.234029568691846102e+00 1.000000000000000000e+00 5.578176179143431307e-02 4.457740406828438751e-01 9.390046803541792983e-03 6.433410895376882044e-01 5.606168504610496761e+00
4.181387384045011757e+00 0.000000000000000000e+00 0.000000000000000000e+00 5.000000000000000000e-01 9.515677960094384366e-03 4.677009645962647566e-01 2.605907754034330726e+00
4.156590405063908200e+00 1.000000000000000000e+00 5.787960231609583922e-02 4.437954218660388750e-01 9.564415161606965379e-03 8.495486177109735637e-01 1.759734924554172464e+00
4.139759569671093153e+00 0.000000000000000000e+00 0.000000000000000000e+00 5.000000000000000000e-01 9.611363921826763732e-03 9.972212637767199350e-01 3.046364641501813075e+00
4.110479850463033991e+00 -1.000000000000000000e+00 -5.918544982635220997e-02 5.574339910907784024e-01 9.671335681652166658e-03 6.467940513096936961e-02 4.595705933126899900e+00
4.066033235689602954e+00 0.000000000000000000e+00 0.000000000000000000e+00 5.000000000000000000e-01 9.785639582020198152e-03 4.535315577183980373e-01 4.938049844886276407e-01
4.061201038087592252e+00 1.000000000000000000e+00 6.063048230063008970e-02 4.412075453913734124e-01 9.788262545045717591e-03 8.817118087529435266e-01 5.582351621914805939e+00
4.006559514793528010e+00 0.000000000000000000e+00 0.000000000000000000e+00 5.000000000000000000e-01 9.930898474379529217e-03 5.966918927075711698e-01 1.372219616221519667e+00
3.992932141100280052e+00 -1.000000000000000000e+00 -6.272145737867108883e-02 5.607544667708188602e-01 9.954971727898250314e-03 4.594253261046183923e-01 1.360796022200625011e+00
3.979385455171836394e+00 0.000000000000000000e+00 0.000000000000000000e+00 5.000000000000000000e-01 9.998713676068278836e-03 1.284070918295373565e-01 3.049393715866334897e+00
3.948895440521286826e+00 1.000000000000000000e+00 6.412815287917646156e-02 4.379280571166710434e-01 1.006553479152676352e-02 8.034142969106307097e-01 1.124227097903104378e+00
3.937579493553765797e+00 0.000000000000000000e+00 0.000000000000000000e+00 5.000000000000000000e-01 1.010487174623704923e-02 9.298075012285277330e-01 1.251990179506533130e+00
3.924928293362304199e+00 -1.000000000000000000e+00 -6.491372725322268333e-02 5.628068312602697576e-01 1.012674089654851464e-02 4.195057918183867640e-01 3.397701360623433420e+00
3.890520652039420213e+00 0.000000000000000000e+00 0.000000000000000000e+00 5.000000000000000000e-01 1.022709794693326887e-02 8.918807020853589673e-01 1.586958361939794449e+00
3.874290673434157117e+00 -1.000000000000000000e+00 -6.662168271934379438e-02 5.644024584151653423e-01 1.025851976704528559e-02 4.033988834530144452e-01 1.312204028647344867e+00
3.860829402467881977e+00 0.000000000000000000e+00 0.000000000000000000e+00 5.000000000000000000e-01 1.030574822796895967e-02 5.019639297580295034e-01 2.348299276547443082e+00
3.836628421359862262e+00 -1.000000000000000000e+00 -6.793608574657163113e-02 5.656284298732888738e-01 1.035876186164665959e-02 7.725930552163862153e-01 4.611552396286790589e+00
3.788858448274221580e+00 -2.000000000000000000e+00 -1.393199259600740869e-01 6.296149050753138132e-01 1.045005090934249606e-02 1.497463082625618558e-01 1.219922177892601489e+00
3.776110199409807855e+00 -1.000000000000000000e+00 -7.013110472360427339e-02 5.676719187987276927e-01 1.052397547759276707e-02 7.485780541075529593e-01 3.388695373642411912e+00
3.740447652396563072e+00 -2.000000000000000000e+00 -1.429495634224846046e-01 6.327322745811451155e-01 1.058252091890860870e-02 4.114043933902843397e-01 2.328335889371200285e+00
3.715807989141046708e+00 -1.000000000000000000e+00 -7.242582846413143927e-02 5.698030781497736008e-01 1.069388424520390651e-02 3.250606202893286945e-01 1.939259345673648660e+00
3.695069774176982680e+00 0.000000000000000000e+00 0.000000000000000000e+00 5.000000000000000000e-01 1.076806074165030831e-02 4.725914441454365233e-01 3.414450158639399380e+00
3.658302767469415961e+00 1.000000000000000000e+00 7.472066163451165921e-02 4.280709270030379487e-01 1.086105930205469999e-02 6.864477172107970038e-01 5.825601279617322881e+00
3.595030566501366653e+00 0.000000000000000000e+00 0.000000000000000000e+00 5.000000000000000000e-01 1.106770444282916856e-02 5.539717496736447089e-01 1.639604416742419080e+00
3.576883909413704377e+00 -1.000000000000000000e+00 -7.816103650357256183e-02 5.751064626899161647e-01 1.110681297724188527e-02 2.441458184276343868e-01 4.118428855768806685e+00
3.531141290352604045e+00 0.000000000000000000e+00 0.000000000000000000e+00 5.000000000000000000e-01 1.126795347489499902e-02 8.069239984351235240e-01 5.074596869690228829e+00
3.473960968921086856e+00 -1.000000000000000000e+00 -8.286099243821822002e-02 5.794280204042949745e-01 1.143369308052579608e-02 9.171591184372631655e-01 2.211687743549029417e+00
3.448673210071386386e+00 -2.000000000000000000e+00 -1.681612430174086736e-01 6.540221411908286875e-01 1.145466560417778869e-02 5.420662314985301711e-01 2.056278712069844250e+00
3.425119225035636816e+00 -1.000000000000000000e+00 -8.524101513570857269e-02 5.816079998050255329e-01 1.159556582988469781e-02 4.993756901590634678e-01 2.832917231097272115e+00
3.392269946791833579e+00 0.000000000000000000e+00 0.000000000000000000e+00 5.000000000000000000e-01 1.172923629223646472e-02 5.274735459649222413e-01 5.633728433086692133e-01
3.385662013592037223e+00 -1.000000000000000000e+00 -8.723942576748409949e-02 5.834340670633638704e-01 1.172968268669497861e-02 6.099368041006585361e-01 1.829933783306641137e+00
3.364197470976187265e+00 -2.000000000000000000e+00 -1.767124042378185322e-01 6.610987673320634084e-01 1.173330814840640828e-02 9.090375378949200336e-01 1.935525290548764543e+00
3.341487356313144641e+00 -3.000000000000000000e+00 -2.686838794983246737e-01 7.325883659471895681e-01 1.168446326378955701e-02 6.774697190919569678e-01 4.697867056027946298e+00
3.286595301278818937e+00 -2.000000000000000000e+00 -1.851558915620646895e-01 6.680145394719931851e-01 1.200079169377362212e-02 4.555025508316985494e-01 1.252134515524995440e+00
3.271568695785419312e+00 -1.000000000000000000e+00 -9.343033629781989646e-02 5.890657224274580273e-01 1.213531708043323262e-02 4.516597753584089547e-01 5.135248270559642947e+00
3.209250829735431854e+00 0.000000000000000000e+00 0.000000000000000000e+00 5.000000000000000000e-01 1.239813834565682386e-02 3.912650790660811007e-01 1.485172476170052436e+00
3.190837455908714038e+00 1.000000000000000000e+00 9.821789840507501312e-02 4.066054793784797949e-01 1.243946538106985127e-02 1.451155071017680154e-01 1.652594882611372107e+00
3.170280059077536627e+00 2.000000000000000000e+00 1.989915970879107820e-01 3.208072307678879187e-01 1.242377736197764274e-02 6.365544630075978816e-01 2.824474604356334240e+00
3.135189415428453863e+00 1.000000000000000000e+00 1.017354783556434356e-01 4.034395754224823771e-01 1.265800556980364172e-02 6.870103395330520168e-01 2.810269635090739460e+00
3.099617006734825431e+00 0.000000000000000000e+00 0.000000000000000000e+00 5.000000000000000000e-01 1.283666197679299119e-02 3.886170495519434276e-01 9.961996038242604268e-01
3.086829129159118335e+00 1.000000000000000000e+00 1.049481579581154900e-01 4.005588999712852982e-01 1.285415134447555514e-02 7.726325596883766300e-01 5.135707267838160561e+00
3.020813970677403759e+00 0.000000000000000000e+00 0.000000000000000000e+00 5.000000000000000000e-01 1.317152799185823155e-02 4.252860200408717928e-01 3.718890628488667360e+00
2.971830498665605891e+00 1.000000000000000000e+00 1.132275028190301291e-01 3.931827308782865904e-01 1.334543950347215346e-02 5.381527287178414776e-01 6.994473670148653177e-01
2.962496066143246232e+00 0.000000000000000000e+00 0.000000000000000000e+00 5.000000000000000000e-01 1.343081471995781484e-02 3.528807431428269137e-01 4.649235481281368543e+00
2.900053045804702467e+00 1.000000000000000000e+00 1.189017143507897500e-01 3.881670944869886619e-01 1.367116487481764668e-02 8.662025745051090686e-01 2.639943298951149542e-01
2.896443935794689395e+00 0.000000000000000000e+00 0.000000000000000000e+00 5.000000000000000000e-01 1.373709854392783473e-02 9.471541986107028244e-01 4.707167060766145994e+00
2.831781118018213750e+00 -1.000000000000000000e+00 -1.247040725537456457e-01 6.169285196980007768e-01 1.399572558573351430e-02 8.919679812751012404e-01 1.522462265535053483e+00
2.810473153935150847e+00 -2.000000000000000000e+00 -2.532043212907463814e-01 7.211481071305926305e-01 1.392281450204834597e-02 9.220216458296147666e-01 2.555166885627055517e+00
2.774898039364788627e+00 -3.000000000000000000e+00 -3.896073977863132032e-01 8.137104355814019918e-01 1.374898749654870217e-02 9.019042993070365277e-01 2.419013910959137093e+00
2.741639047349034186e+00 -4.000000000000000000e+00 -5.321565814485541557e-01 8.905612678590483222e-01 1.330754850538129995e-02 9.029207073220344437e-01 3.495528642118897356e+00
2.695122130392087367e+00 -5.000000000000000000e+00 -6.883560027408036630e-01 9.514390094861550073e-01 1.241338085530663098e-02 9.977795955407470219e-01 1.063139458088846689e+00
2.681924975396526190e+00 -6.000000000000000000e+00 -8.341765962380406352e-01 9.862512993823990826e-01 1.054716984312542745e-02 9.928198401296498554e-01 3.968459374634767833e+00
2.640068960356710015e+00 -7.000000000000000000e+00 -1.000000000000000000e+00 1.000000000000000000e+00 0.000000000000000000e+00 2.411230646520012844e-02 1.556025202033819888e+00
