5.000000000000000000e+00 0.000000000000000000e+00 0.000000000000000000e+00 5.000000000000000000e-01 7.957747154594766933e-03 8.571993200678061919e-01 5.365130741150958116e+00
4.957305646110577335e+00 -1.000000000000000000e+00 -4.069195982838810094e-02 5.398640420310505394e-01 8.022957239333715004e-03 7.267896708035879172e-01 3.406556126623652703e-01
4.954572580696848583e+00 -2.000000000000000000e+00 -8.147373120790972478e-02 5.781547467694403419e-01 8.017338724095041461e-03 7.020968091801633726e-01 1.136430800536722963e+01
4.863461074052874977e+00 -3.000000000000000000e+00 -1.268324454785390021e-01 6.187892108655057566e-01 8.147987611092595561e-03 5.860081059693207362e-01 7.010355016002917106e-01
4.857749045470900029e+00 -2.000000000000000000e+00 -8.475393001437006579e-02 5.811623156879297536e-01 8.176014181725680188e-03 9.237956124098346544e-01 1.295290502838828628e+00
4.847158731950234944e+00 -3.000000000000000000e+00 -1.276870256967807260e-01 6.195350374311355823e-01 8.174937856299488090e-03 4.170585291227530966e-01 3.145459455262529680e+00
4.821444796373953956e+00 -2.000000000000000000e+00 -8.603508624790418002e-02 5.823340682150620617e-01 8.237122743271204500e-03 1.939245136848377626e-02 2.232042496406154708e+00
4.803059188362858833e+00 -1.000000000000000000e+00 -4.334750675865960828e-02 5.424080035875635808e-01 8.280145176407384400e-03 8.569263384004993656e-01 2.116702195963444222e+00
4.785532586885061335e+00 -2.000000000000000000e+00 -8.733120244156680756e-02 5.835178329816218534e-01 8.298466218957278526e-03 7.844257377022099131e-01 1.612604495542031335e+00
4.772150442954266936e+00 -3.000000000000000000e+00 -1.317325206198732002e-01 6.230557921254404885e-01 8.301205926663966783e-03 1.429673577989942768e-01 5.415515921938744981e+00
4.727195130087125996e+00 -2.000000000000000000e+00 -8.949997964261252603e-02 5.854948564645985343e-01 8.400062733571822884e-03 2.100160061051208338e-01 3.091996150329419102e+00
4.701222168452396488e+00 -1.000000000000000000e+00 -4.524581851986123060e-02 5.442222264730951498e-01 8.459151633430367009e-03 2.568142511804263339e-01 3.797010654401533181e+00
4.669102679573063241e+00 0.000000000000000000e+00 0.000000000000000000e+00 5.000000000000000000e-01 8.521709309809409605e-03 4.828761012545743636e-01 4.393619312881918426e-01
4.665358564912828854e+00 1.000000000000000000e+00 4.594412070194706099e-02 4.551113104115904751e-01 8.524042877839517127e-03 4.701078611559897924e-01 2.190686012640074676e+00
4.646685063409201177e+00 0.000000000000000000e+00 0.000000000000000000e+00 5.000000000000000000e-01 8.562821716990100945e-03 9.523606471130952045e-02 2.131644093071980883e+00
4.628432175076151012e+00 1.000000000000000000e+00 4.668014453300551453e-02 4.544093734138056062e-01 8.591902257627660744e-03 1.724898281079869644e-01 1.597339487205305275e+00
4.614707990329834253e+00 2.000000000000000000e+00 9.391642355935619912e-02 4.104937237477340184e-01 8.603059973329186053e-03 7.746294429974009965e-01 1.927479282560343954e+00
4.598125770464617901e+00 1.000000000000000000e+00 4.729751326570807296e-02 4.538210141148518728e-01 8.648405989335890623e-03 2.048918411142841567e-01 2.005820167975662205e+00
4.580778623310366449e+00 2.000000000000000000e+00 9.531283504379613192e-02 4.092294332182467853e-01 8.666202991135286277e-03 4.339241875736683518e-01 1.907228668642753644e-01
4.579125780231069420e+00 1.000000000000000000e+00 4.769082705746939543e-02 4.534463804352433236e-01 8.684209146555219375e-03 8.083936459079466008e-01 3.872768534979917021e+00
4.545493848297105899e+00 0.000000000000000000e+00 0.000000000000000000e+00 5.000000000000000000e-01 8.753446182284468566e-03 4.717933550294814982e-01 2.699611415017678429e+00
4.521862945062667727e+00 1.000000000000000000e+00 4.890634531693605069e-02 4.522895699891936738e-01 8.793923164242153229e-03 1.619853545240952375e-01 4.129561311602016893e+00
4.485547900186412917e+00 2.000000000000000000e+00 9.940288703221486499e-02 4.055375799429547512e-01 8.848408395801223708e-03 5.648752933008849286e-01 1.636236213108995141e+00
4.471069813940824922e+00 1.000000000000000000e+00 5.002384816644602633e-02 4.512273445262438010e-01 8.893579064270499060e-03 1.815049279011395900e-01 5.648246692376638345e-01
4.466046501087509668e+00 2.000000000000000000e+00 1.002728858911547394e-01 4.047544399313155461e-01 8.886654964611917160e-03 1.982098742151772175e-01 1.832655146601580576e+00
4.449760327130540816e+00 3.000000000000000000e+00 1.515123434182453210e-01 3.599656516857988597e-01 8.889856130983107840e-03 6.379954308286739373e-01 1.036354744751038615e+00
4.440547282549042407e+00 2.000000000000000000e+00 1.014277982613231988e-01 4.037160008687466495e-01 8.937158153716645917e-03 8.402967361375472954e-01 4.611273799076045066e+00
4.399335599316610335e+00 1.000000000000000000e+00 5.166849528551378107e-02 4.496663214170207867e-01 9.038215893066022660e-03 9.968630698302245463e-01 3.396277493248492263e+00
4.368639310099869277e+00 0.000000000000000000e+00 0.000000000000000000e+00 5.000000000000000000e-01 9.107809766072045773e-03 6.603359192690999580e-01 2.280306473147242219e+00
4.347870712534101401e+00 -1.000000000000000000e+00 -5.289891409791356441e-02 5.514997665415443118e-01 9.144904306468722502e-03 5.904832721384242200e-01 9.001766567844006195e-01
4.339638683148891118e+00 -2.000000000000000000e+00 -1.061995929258107291e-01 6.005604161570068378e-01 9.142676077537355631e-03 9.732610107028049073e-01 2.756450957935737023e+00
4.314437344916867367e+00 -3.000000000000000000e+00 -1.611658124313876672e-01 6.481786028830530677e-01 9.161554397238045114e-03 6.669418932289905566e-02 9.321250340358928632e-01
4.305897630712520296e+00 -2.000000000000000000e+00 -1.078704758277702347e-01 6.020524560501154809e-01 9.213482298099612972e-03 8.523973768591903699e-01 2.502753630019926234e+00
4.282838554445826951e+00 -3.000000000000000000e+00 -1.635527487793737855e-01 6.501779979627293482e-01 9.227299521089891293e-03 9.029534623471697774e-01 3.437433732745806658e+00
4.251120323809883139e+00 -4.000000000000000000e+00 -2.213365806916748890e-01 6.968416397155337005e-01 9.242060034214811398e-03 8.782524780323830438e-02 1.105290324140820291e+00
4.240905164278936823e+00 -3.000000000000000000e+00 -1.668031059322350185e-01 6.528914678579147424e-01 9.315948478239324121e-03 8.741090548647796332e-01 1.789232820631405430e+00
4.224236763506359793e+00 -4.000000000000000000e+00 -2.241627715121359554e-01 6.990382974461348820e-01 9.297758512460597979e-03 9.259706781335040882e-01 2.303165873932254470e+00
4.202822483396397857e+00 -5.000000000000000000e+00 -2.830661320596782327e-01 7.430029145000646151e-01 9.269503364484935407e-03 3.812309017712992576e-01 1.657820115142890405e+00
4.187455314261369743e+00 -4.000000000000000000e+00 -2.281180340857152378e-01 7.020991153481495051e-01 9.374949718766227569e-03 1.012197990371823675e-01 1.791416677109597178e+00
4.170660872988108281e+00 -3.000000000000000000e+00 -1.724691803171827520e-01 6.575963712375423320e-01 9.468131704366146428e-03 5.768340377560862153e-01 8.019050738784658350e+00
4.094735444449300488e+00 -2.000000000000000000e+00 -1.192829304724019740e-01 6.121687217213600540e-01 9.682234099720674059e-03 5.336456332456728235e-01 1.697777740385820078e+00
4.078297162917590590e+00 -1.000000000000000000e+00 -6.012322465663155757e-02 5.583158235850756990e-01 9.747380327380513257e-03 7.626701123091161882e-01 1.613850476677500589e+00
4.062566348529890625e+00 -2.000000000000000000e+00 -1.211794737271415928e-01 6.138372413007481265e-01 9.757769075204992745e-03 8.996993149106927712e-01 3.357235810371314244e+00
4.029807216761279065e+00 -3.000000000000000000e+00 -1.847365012276654672e-01 6.676727137847457971e-01 9.787898303991326640e-03 9.274084277202566673e-01 4.112754919133124076e+00
3.989551989863564074e+00 -4.000000000000000000e+00 -2.513111360638869973e-01 7.197324925090262671e-01 9.810585346456774866e-03 8.257947025085283776e-01 2.505356876287133439e+00
3.964972972405417018e+00 -5.000000000000000000e+00 -3.180457099323360515e-01 7.674691731291543029e-01 9.767580874464512619e-03 5.624395419524945705e-01 1.270910384980397989e+00
3.952559252435924098e+00 -4.000000000000000000e+00 -2.560372848619535957e-01 7.232597392422129845e-01 9.895956736896119668e-03 3.757382067416560334e-01 3.274805319231735456e+00
3.920151920675049695e+00 -3.000000000000000000e+00 -1.952160220918080225e-01 6.761613744511334456e-01 1.005120627745045847e-02 8.975459682646650394e-01 2.559584308203809222e+00
3.894425010808767684e+00 -4.000000000000000000e+00 -2.637383591842548669e-01 7.289593981316533355e-01 1.003271768676918668e-02 1.466677879357535241e-01 2.326048986224821036e+00
3.871088418004378529e+00 -3.000000000000000000e+00 -2.001958510671413838e-01 6.801566616748928595e-01 1.017333360724889148e-02 4.835253418765247391e-01 2.272645973321078650e+00
3.847968032346612333e+00 -2.000000000000000000e+00 -1.350725456391086987e-01 6.259502493463942052e-01 1.029259558911335345e-02 5.199148641850434016e-01 2.849127859802036422e-01
3.845035540262350615e+00 -1.000000000000000000e+00 -6.763932784028316159e-02 5.653517885049405001e-01 1.033621713118608107e-02 1.598237196044063335e-01 1.463681840037415749e-01
3.843522646931390341e+00 0.000000000000000000e+00 0.000000000000000000e+00 5.000000000000000000e-01 1.035215333120010316e-02 9.501888516441509003e-01 3.389653952731010111e+00
3.808432429473010306e+00 -1.000000000000000000e+00 -6.894574849889303914e-02 5.665689903808567296e-01 1.043509099627838374e-02 9.242578344113212552e-01 3.685825563431885499e+00
3.769970504322189608e+00 -2.000000000000000000e+00 -1.407194376598825125e-01 6.308184575922257675e-01 1.050135200752193299e-02 9.941728561281003573e-01 2.446853886307233772e+00
3.744275230351104433e+00 -3.000000000000000000e+00 -2.139861794791358129e-01 6.910911369750973865e-01 1.050203692692687311e-02 7.658684248912923653e-01 3.366374820339182450e-01
3.740739851083796363e+00 -4.000000000000000000e+00 -2.858544639760526862e-01 7.449980766885344607e-01 1.040995028328977993e-02 2.908747799326238948e-01 1.667113136184321220e+00
3.723385286219498269e+00 -3.000000000000000000e+00 -2.163940415931520367e-01 6.929808509746426815e-01 1.055805576523561988e-02 6.154356005094328008e-01 2.234290787378338639e+00
3.699795519490605589e+00 -2.000000000000000000e+00 -1.461081868763206282e-01 6.354343857401777429e-01 1.069629112518495628e-02 3.332457387804584892e-01 3.906903083674889476e+00
3.658006146709736228e+00 -1.000000000000000000e+00 -7.473278003843716877e-02 5.719402858323004990e-01 1.086193505203634536e-02 6.793752794618787005e-01 6.665499886729582713e+00
3.585605919850723744e+00 -2.000000000000000000e+00 -1.555624889976765513e-01 6.434626450061003977e-01 1.102883597261666675e-02 9.663183685073956086e-01 1.695482117131835942e+00
3.566906725686371793e+00 -3.000000000000000000e+00 -2.357967143722483339e-01 7.079966691178745108e-01 1.099544879004755484e-02 8.058576442258614803e-01 5.609692303470262154e+00
3.505225641235640843e+00 -4.000000000000000000e+00 -3.255577448209791003e-01 7.725638222145182477e-01 1.103340819763379797e-02 9.459925523337845421e-01 1.354421289671358331e+00
3.490281758275131097e+00 -5.000000000000000000e+00 -4.104393861672379074e-01 8.262091413085683733e-01 1.087448434900304892e-02 8.800071365790572697e-01 1.112097430745780491e+00
3.478188272169919770e+00 -6.000000000000000000e+00 -4.959582028163238010e-01 8.729709333459249043e-01 1.063341237782045035e-02 8.757976770713197245e-01 3.118517462199156487e+00
3.445027789986922162e+00 -7.000000000000000000e+00 -5.898106101673785684e-01 9.158723322343709228e-01 1.031986487231711068e-02 6.062618360264759865e-02 2.359911476152304122e+00
3.420673822442399814e+00 -6.000000000000000000e+00 -5.127762738345029714e-01 8.813065203307044460e-01 1.074638185376348282e-02 9.750480962079977054e-01 2.308927233856406858e+00
3.395861208714824997e+00 -7.000000000000000000e+00 -6.070132569306763148e-01 9.227807098858826773e-01 1.037645550916564338e-02 6.761900055122297415e-01 4.033345116608197944e-01
3.391676026099265329e+00 -6.000000000000000000e+00 -5.215819181149925488e-01 8.855580694627351868e-01 1.080201215449640498e-02 4.776246872329548143e-02 1.010206159113339996e+00
3.380763766889975930e+00 -5.000000000000000000e+00 -4.374620199159232059e-01 8.417755104814634848e-01 1.114474890203905055e-02 4.390242014989733654e-01 1.688084430782597289e+00
3.361950489783462448e+00 -4.000000000000000000e+00 -3.538973938298928257e-01 7.912757111500976492e-01 1.143925344259471948e-02 9.357212338431374343e-01 2.811784492984642725e+00
3.329785774342253646e+00 -5.000000000000000000e+00 -4.509593721990466375e-01 8.492771945119674815e-01 1.127087452168309273e-02 8.381725289891343023e-01 2.812366449671084290e+00
3.298087944979019692e+00 -4.000000000000000000e+00 -3.677354744365270434e-01 8.001207848569982239e-01 1.162617113517675806e-02 6.796348968444422267e-01 6.126909081369303900e-01
3.290964695628052716e+00 -3.000000000000000000e+00 -2.769968357801939063e-01 7.386332122640740794e-01 1.184903373890825763e-02 6.854643594531814044e-01 1.156732089462131352e+00
3.277258538073138272e+00 -2.000000000000000000e+00 -1.862123961196855970e-01 6.688748678853682073e-01 1.203374810845738233e-02 5.233296921788705980e-01 6.408189797319645109e+00
3.200143996221007203e+00 -1.000000000000000000e+00 -9.764746176134640743e-02 5.928799483671296500e-01 1.240364004209856645e-02 3.017043129171114169e-01 3.430823065873571220e+00
3.157589301863782616e+00 0.000000000000000000e+00 0.000000000000000000e+00 5.000000000000000000e-01 1.260098510895268746e-02 1.266156941220678567e-01 2.632723380800771285e+00
3.124414393746320684e+00 1.000000000000000000e+00 1.024383890819295650e-01 4.028084226969208537e-01 1.270119692106239963e-02 6.099891306816890291e-01 2.659739191447981543e+00
3.090632522517072545e+00 0.000000000000000000e+00 0.000000000000000000e+00 5.000000000000000000e-01 1.287397821743268764e-02 6.887045496284224244e-01 2.684981723033962098e+00
3.056066126300528651e+00 -1.000000000000000000e+00 -1.070716525629246130e-01 6.013394831716467603e-01 1.298206185353655180e-02 7.592791933475062649e-01 4.699111869901576810e+00
2.995061965348778443e+00 -2.000000000000000000e+00 -2.229555931195942864e-01 6.981009948679393062e-01 1.311544946861819931e-02 8.587657937825682319e-01 9.347527452198727271e-01
2.982802262953195171e+00 -3.000000000000000000e+00 -3.371881681338200210e-01 7.803402377690993319e-01 1.293700355793192883e-02 2.045099154510703343e-01 5.706734415997700260e+00
2.908974219509260273e+00 -2.000000000000000000e+00 -2.363470853489510748e-01 7.084171129724788907e-01 1.348138569564675052e-02 2.503976123250528651e-02 2.338062888003098028e+00
2.877453891935412678e+00 -1.000000000000000000e+00 -1.207767262347693993e-01 6.134832174347751854e-01 1.377696028515420015e-02 9.038843399039120374e-01 4.228496415640540240e-01
2.871628309216993191e+00 -2.000000000000000000e+00 -2.425345104808334928e-01 7.131230160937447327e-01 1.364582709600326016e-02 1.547731039422928223e-01 1.358548327959511415e+00
2.853089793632093585e+00 -1.000000000000000000e+00 -1.228482911349001866e-01 6.153024398175175325e-01 1.389282326046047469e-02 9.087128087586109348e-01 2.105000826516042201e-01
2.850165353187502415e+00 -2.000000000000000000e+00 -2.462010397717823984e-01 7.158935637794290319e-01 1.374193632270483655e-02 8.094190729363782699e-01 1.560062574326222862e+00
2.828727072631676442e+00 -3.000000000000000000e+00 -3.749204769561282902e-01 8.046377949356229298e-01 1.353352594523563913e-02 8.487060696851187469e-01 1.466902411188242050e+00
2.808874710790731477e+00 -4.000000000000000000e+00 -5.069851693597670073e-01 8.784681883843912242e-01 1.311514571771096871e-02 8.386247447786884246e-01 3.835730231185409345e+00
2.758568549874905518e+00 -3.000000000000000000e+00 -3.942336524197737613e-01 8.165235660696562592e-01 1.381495308996172344e-02 9.987194554506958477e-01 1.189333887260025646e+00
2.742137958014106314e+00 -4.000000000000000000e+00 -5.319629555658772491e-01 8.904706625186855629e-01 1.330616267084587002e-02 9.964526453347896107e-01 4.347751133348043417e+00
2.684286074181422954e+00 -5.000000000000000000e+00 -6.939247980841004582e-01 9.531589853860706896e-01 1.241029306807290254e-02 9.696633238552289091e-01 3.294500766219158994e+00
2.643400354159652466e+00 -6.000000000000000000e+00 -8.586681667700355458e-01 9.900126564579287969e-01 1.020101925145443234e-02 9.976047063057850162e-01 1.813605932679018373e+00
2.624899725125841687e+00 -7.000000000000000000e+00 -1.000000000000000000e+00 1.000000000000000000e+00 0.000000000000000000e+00 8.545050127257436401e-02 4.959927651626080403e-01
