5.000000000000000000e+00 0.000000000000000000e+00 0.000000000000000000e+00 5.000000000000000000e-01 7.957747154594766933e-03 7.979307640898603005e-01 2.350752831100448859e+00
4.981293303347154477e+00 -1.000000000000000000e+00 -4.030099527938267590e-02 5.394889101691282551e-01 7.984385639969235685e-03 5.211226776447986930e-01 3.026995040763096334e+00
4.957124607611427258e+00 0.000000000000000000e+00 0.000000000000000000e+00 5.000000000000000000e-01 8.026575670879877028e-03 6.327761136663684338e-01 1.943038744123901651e+00
4.941528660100265036e+00 -1.000000000000000000e+00 -4.095221182210693339e-02 5.401136699955455533e-01 8.048529563547783539e-03 3.916383526717848174e-02 3.044985657365016918e-01
4.939077894391877166e+00 0.000000000000000000e+00 0.000000000000000000e+00 5.000000000000000000e-01 8.055903677516877345e-03 5.229679795240953499e-01 3.396709990404662260e+00
4.911714325888717703e+00 -1.000000000000000000e+00 -4.145088438307964473e-02 5.405917964750098781e-01 8.097301150840185285e-03 1.399381120123275313e-01 3.064194242337058061e+00
4.886902622323844092e+00 0.000000000000000000e+00 0.000000000000000000e+00 5.000000000000000000e-01 8.141912955501720561e-03 6.495585561841757949e-01 1.626790264299588618e+00
4.873657437595059427e+00 -1.000000000000000000e+00 -4.210076623053610190e-02 5.412145289719370034e-01 8.160419461045722786e-03 9.741651968591908961e-01 2.434286733221632915e+00
4.853792636763512469e+00 -2.000000000000000000e+00 -8.489215505807994055e-02 5.812888160628774115e-01 8.182630185246017943e-03 5.837537882951818746e-01 2.112261214782519936e+00
4.836508784388308335e+00 -3.000000000000000000e+00 -1.282499761175920627e-01 6.200259479305105792e-01 8.192637738336033815e-03 6.497436087806083282e-01 2.186571493907835784e+00
4.818594996249749407e+00 -4.000000000000000000e+00 -1.722737632124655138e-01 6.574346384667731913e-01 8.195139263667872848e-03 1.962721855207140154e-01 2.375954802560601653e+00
4.799123715758584652e+00 -3.000000000000000000e+00 -1.302558878179516932e-01 6.217725896623302884e-01 8.255365182327285833e-03 3.798514647803633570e-01 1.699673468417096212e+00
4.785092290586089092e+00 -2.000000000000000000e+00 -8.734727459730839971e-02 5.835325014075195549e-01 8.299223914496875465e-03 3.541924746270247448e-01 2.366632692988562159e+00
4.765451075943608394e+00 -1.000000000000000000e+00 -4.403438847437485953e-02 5.430648747902188100e-01 8.345365119640103801e-03 3.583816294126247470e-01 4.174710999055042393e+00
4.730611588387516164e+00 0.000000000000000000e+00 0.000000000000000000e+00 5.000000000000000000e-01 8.410907348776077916e-03 5.275412110771787733e-01 3.779720933642503944e+00
4.698820705810419440e+00 -1.000000000000000000e+00 -4.529207859895486438e-02 5.442663924070478831e-01 8.463466032864857755e-03 3.247176336128364538e-01 4.941465076890015240e+00
4.656998783979572565e+00 0.000000000000000000e+00 0.000000000000000000e+00 5.000000000000000000e-01 8.543857883289573615e-03 5.070299758641219068e-01 6.656424963655776850e+00
4.600127235079316534e+00 -1.000000000000000000e+00 -4.725636496670161668e-02 5.461397829517685709e-01 8.644651595343130421e-03 6.419638190088300389e-01 1.326972362349676970e+00
4.588656021330153933e+00 -2.000000000000000000e+00 -9.498586668252265164e-02 5.904747092478076498e-01 8.651461736110125159e-03 3.964570974208501131e-01 2.241695979487216661e+00
4.569262074339627944e+00 -1.000000000000000000e+00 -4.789695050646140123e-02 5.467498915725521602e-01 8.702912833646384710e-03 6.148578795570958100e-02 3.768351542055397463e+00
4.536466439342582646e+00 0.000000000000000000e+00 0.000000000000000000e+00 5.000000000000000000e-01 8.770865232883758369e-03 4.743174690191679366e-01 5.700345386487983834e-01
4.531466743226005178e+00 1.000000000000000000e+00 4.869926492600431395e-02 4.524865442761622503e-01 8.775330171414626873e-03 9.060033617400029549e-01 3.432007290791598386e+00
4.501349746098606275e+00 0.000000000000000000e+00 0.000000000000000000e+00 5.000000000000000000e-01 8.839289994619810298e-03 1.573378244374723511e-01 3.532066302249991185e+00
4.470128787772794432e+00 1.000000000000000000e+00 5.004491185710677886e-02 4.512073347442860372e-01 8.895446587906415820e-03 6.465897905151984926e-01 1.012360556699350322e+00
4.461123388512971744e+00 0.000000000000000000e+00 0.000000000000000000e+00 5.000000000000000000e-01 8.918994680897322433e-03 6.581629997994792314e-01 2.377301364030220132e-01
4.459003074690904178e+00 -1.000000000000000000e+00 -5.029495875868317950e-02 5.490301673204143196e-01 8.917585613951433537e-03 7.505335004678043154e-01 1.789121544365881888e+00
4.443048430145256411e+00 -2.000000000000000000e+00 -1.013136358822899624e-01 5.961814094744453119e-01 8.932179470475915331e-03 3.483204150997266657e-01 4.398630579313918432e+00
4.403759072386501217e+00 -1.000000000000000000e+00 -5.156474782566080467e-02 5.502352862164987535e-01 9.029161473149541206e-03 5.382790250066612492e-01 6.511201718964043650e-01
4.397880003216023681e+00 0.000000000000000000e+00 0.000000000000000000e+00 5.000000000000000000e-01 9.047253618533850766e-03 9.579419165521579904e-01 1.858762381519832196e+00
4.381063308533823530e+00 -1.000000000000000000e+00 -5.210038613330233992e-02 5.507431610156827695e-01 9.075809941120355911e-03 2.880484253959699759e-01 1.548762051279532148e+00
4.367007038512390693e+00 0.000000000000000000e+00 0.000000000000000000e+00 5.000000000000000000e-01 9.111214024177017451e-03 4.940655435671132967e-01 1.111245949484199746e+00
4.356882238833140519e+00 1.000000000000000000e+00 5.268031421845700835e-02 4.487072935346206881e-01 9.126042349084510438e-03 7.750315279869123275e-01 2.208149971840745351e+00
4.336730568676991915e+00 0.000000000000000000e+00 0.000000000000000000e+00 5.000000000000000000e-01 9.174823093774120766e-03 6.154691869090260781e-01 1.672570801914496030e+00
4.321385027457614214e+00 -1.000000000000000000e+00 -5.354933405250871664e-02 5.521155684637750749e-01 9.200793423933581461e-03 2.560417832140760019e-02 5.705923109390994563e-01
4.316135125475378587e+00 0.000000000000000000e+00 0.000000000000000000e+00 5.000000000000000000e-01 9.218602897329704685e-03 3.374440815924270032e-01 2.998206088443575279e+00
4.288495854141660679e+00 1.000000000000000000e+00 5.437384074576814830e-02 4.471044165329549069e-01 9.271148807543679385e-03 5.853989532929310124e-01 1.611526335631219942e+00
4.273555153676747764e+00 0.000000000000000000e+00 0.000000000000000000e+00 5.000000000000000000e-01 9.310453320987713624e-03 6.184075213188960918e-01 9.222686179677441753e-01
4.264968414759747084e+00 -1.000000000000000000e+00 -5.497539538579609975e-02 5.534642483368837906e-01 9.322138659684597525e-03 4.235289610625793122e-01 1.732355488541975408e+00
4.248819156687693166e+00 0.000000000000000000e+00 0.000000000000000000e+00 5.000000000000000000e-01 9.364657403774382174e-03 6.464238640839419237e-01 2.507693598717250172e+00
4.225335465262068269e+00 -1.000000000000000000e+00 -5.601155246872596694e-02 5.544429054637475263e-01 9.409307215933283841e-03 6.156214303405105337e-02 7.175925972509189066e+00
4.157814973227934807e+00 0.000000000000000000e+00 0.000000000000000000e+00 5.000000000000000000e-01 9.569626361243224050e-03 2.887757577443355039e-01 3.057313985193496064e-01
4.154889237977203997e+00 1.000000000000000000e+00 5.792700816785412155e-02 4.437507609697852184e-01 9.568318003421161927e-03 6.247906968964664909e-01 2.103067506593348845e+00
4.134766419291456607e+00 0.000000000000000000e+00 0.000000000000000000e+00 5.000000000000000000e-01 9.622970619895894820e-03 1.010258010688244168e-01 2.599882775510969246e+00
4.109747823727540883e+00 1.000000000000000000e+00 5.920653588419780289e-02 4.425461710615056221e-01 9.673052272775147647e-03 9.129345388740786049e-01 2.788518402722638623e+00
4.082774339454409152e+00 0.000000000000000000e+00 0.000000000000000000e+00 5.000000000000000000e-01 9.745514315711824999e-03 9.009889601229569278e-01 2.541870541793032512e+00
4.058002503700678609e+00 -1.000000000000000000e+00 -6.072609836299196900e-02 5.588822688517960380e-01 9.795949145618217113e-03 2.763839563771688379e-01 1.437348380798913805e+00
4.043922312057835811e+00 0.000000000000000000e+00 0.000000000000000000e+00 5.000000000000000000e-01 9.839144450014544047e-03 9.105393233877679959e-01 5.219836944194652162e+00
3.992563582358382046e+00 -1.000000000000000000e+00 -6.273303771190993916e-02 5.607653207016279895e-01 9.955887050444998942e-03 8.403315011054174333e-01 2.313815716030815484e+00
3.969527494434034853e+00 -2.000000000000000000e+00 -1.269265182282525439e-01 6.188713477134790697e-01 9.982845387896227898e-03 1.278327899257796219e-01 2.840456561193541951e+00
3.941171655752604419e+00 -1.000000000000000000e+00 -6.437975186662457661e-02 5.623073756414205260e-01 1.008517896873528490e-02 4.324871001821565253e-01 2.452129984040739785e+00
3.916441486008951589e+00 0.000000000000000000e+00 0.000000000000000000e+00 5.000000000000000000e-01 1.015941024910358911e-02 8.425145259460844471e-01 3.136026818022571216e+00
3.884581303012469178e+00 -1.000000000000000000e+00 -6.626917575764004753e-02 5.640733739298415816e-01 1.023146444819869431e-02 6.843004623863424563e-01 2.635270430370417305e+00
3.857618627292744851e+00 -2.000000000000000000e+00 -1.343975696849390167e-01 6.253662163163300480e-01 1.026732429735136877e-02 4.311101097903731194e-01 4.854695527446222791e-01
3.852634153958225838e+00 -1.000000000000000000e+00 -6.737277864227661506e-02 5.651032329912859531e-01 1.031592418183151401e-02 2.781878643134518825e-01 4.202263595211304548e+00
3.809283921317955457e+00 0.000000000000000000e+00 0.000000000000000000e+00 5.000000000000000000e-01 1.044520088153668563e-02 3.490357789695642809e-01 3.315287820535369523e+00
3.774655074052351456e+00 1.000000000000000000e+00 7.018518607240115115e-02 4.322777940996076484e-01 1.052801236198710848e-02 1.568271401594658609e-01 1.972923949245324104e+00
3.753884106325436232e+00 2.000000000000000000e+00 1.419280626623042607e-01 3.681437248232332093e-01 1.054542946250764876e-02 8.369388941676918492e-01 1.152403224547585481e+00
3.741731519408603379e+00 1.000000000000000000e+00 7.142574111554254868e-02 4.311250771314096841e-01 1.062017913093230188e-02 6.789626601645049053e-01 6.168826924550673496e+00
3.676217472442156797e+00 0.000000000000000000e+00 0.000000000000000000e+00 5.000000000000000000e-01 1.082328128606104695e-02 7.039678487048379729e-01 1.490629976330956730e+00
3.660083964914892185e+00 -1.000000000000000000e+00 -7.464795299290051533e-02 5.718617945498853938e-01 1.085580339665810114e-02 4.649764080068274907e-01 8.340844753227720787e+00
3.569537394111804929e+00 0.000000000000000000e+00 0.000000000000000000e+00 5.000000000000000000e-01 1.114674855027658791e-02 9.481810318556461725e-01 3.755815348244327279e+00
3.527672264823655812e+00 -1.000000000000000000e+00 -8.035696745506311356e-02 5.771283463457760332e-01 1.126076721283312924e-02 8.481407994051048949e-01 4.973704873041753793e-01
3.522071491547590139e+00 -2.000000000000000000e+00 -1.612254736440659753e-01 6.482286469681892704e-01 1.122258764524279410e-02 8.768322580838399105e-01 2.991317126180252028e+00
3.488501172924316496e+00 -3.000000000000000000e+00 -2.465150894469438914e-01 7.161302447844265506e-01 1.122692829905177180e-02 6.269561675391553957e-01 8.772707895330027483e-01
3.478652116671376859e+00 -2.000000000000000000e+00 -1.652753164025205224e-01 6.516173512965438563e-01 1.135877983062939280e-02 2.324157717786495825e-01 1.989454132164198530e+00
3.456054345200987754e+00 -1.000000000000000000e+00 -8.372186111619404902e-02 5.802171861018143861e-01 1.149251807941306484e-02 1.870047264025347378e-01 1.954881786955922962e+00
3.433587830921281281e+00 0.000000000000000000e+00 0.000000000000000000e+00 5.000000000000000000e-01 1.158809319355548310e-02 9.721676893876722847e-01 3.574471035610257363e+00
3.392166527442964874e+00 -1.000000000000000000e+00 -8.690518155922476173e-02 5.831289262683038155e-01 1.170736288967188891e-02 7.060911742193787255e-02 1.924509958954954358e+00
3.369635590968691474e+00 0.000000000000000000e+00 0.000000000000000000e+00 5.000000000000000000e-01 1.180802336003802279e-02 1.258262178914190121e-01 8.466444833850985674e-01
3.359638393131232803e+00 1.000000000000000000e+00 8.859616611179092771e-02 4.153284742130630702e-01 1.181982848961524689e-02 1.388161835249565046e-01 2.197367194435827731e+00
3.333665889764294121e+00 2.000000000000000000e+00 1.799640892795990599e-01 3.362294474355186913e-01 1.183719422831947324e-02 5.480509420480552674e-01 1.032827422979795573e+00
3.321440110954147595e+00 1.000000000000000000e+00 9.064568763783911742e-02 4.134626327058292250e-01 1.195465355172824380e-02 8.240177167108181377e-01 1.995754699579385560e+00
3.297581554946442672e+00 0.000000000000000000e+00 0.000000000000000000e+00 5.000000000000000000e-01 1.206603539896985468e-02 5.543842885630888562e-01 1.788538895014339269e+00
3.276000981326765427e+00 -1.000000000000000000e+00 -9.317769303258535696e-02 5.888366517931480359e-01 1.211904293646096781e-02 6.746852980293086555e-01 8.011902522843029617e-01
3.266291322259057939e+00 -2.000000000000000000e+00 -1.874649850229921644e-01 6.698934247181568269e-01 1.207267689570262065e-02 5.908634134417680706e-01 2.021112279346218621e+00
3.241891086740574135e+00 -1.000000000000000000e+00 -9.514876578633833792e-02 5.906221219710066084e-01 1.224540554463953053e-02 8.427395309959200276e-01 9.989368047511218984e-01
3.229658700452930464e+00 -2.000000000000000000e+00 -1.917417716050585086e-01 6.733593181159353014e-01 1.220443117323889888e-02 9.828048271145525261e-01 2.960627405490746877e+00
3.193525927053013636e+00 -3.000000000000000000e+00 -2.941577953654848088e-01 7.508933910783435195e-01 1.217733498506386527e-02 6.018482640290211405e-01 3.633287482625406462e+00
3.149282168280044480e+00 -2.000000000000000000e+00 -2.016540029248380106e-01 6.813218344770327617e-01 1.250310343676622367e-02 7.443533391511897301e-01 2.978419043005455791e+00
3.112042686907313005e+00 -3.000000000000000000e+00 -3.097634437365520688e-01 7.617867481987881106e-01 1.246304646490381703e-02 7.202392755960607129e-01 2.312626982176515966e+00
3.083220309372456835e+00 -2.000000000000000000e+00 -2.103879585527976548e-01 6.882564120007907960e-01 1.275887420186440011e-02 8.183990330034358607e-01 2.302480970382013936e+00
3.053843244319165873e+00 -3.000000000000000000e+00 -3.216827504023255235e-01 7.699428544491231374e-01 1.267335209634925901e-02 5.344128310961108186e-01 3.690344644356822634e+00
3.007074207284355261e+00 -2.000000000000000000e+00 -2.211778868857953440e-01 6.967180580621624708e-01 1.306580447047700662e-02 7.454505881055175642e-01 2.257508319647879791e+00
2.977578044989360961e+00 -3.000000000000000000e+00 -3.383724123688069962e-01 7.811244676426640776e-01 1.295668768017152125e-02 8.164016988644084982e-01 7.178323319627623045e-01
2.968277315657390059e+00 -4.000000000000000000e+00 -4.539949741528993554e-01 8.509392558748534174e-01 1.263202370783819695e-02 9.307182027684351988e-01 1.118156519124594295e-01
2.966864857691524637e+00 -5.000000000000000000e+00 -5.680341884326111090e-01 9.067027688184635670e-01 1.210896358807561808e-02 8.908718393308930894e-01 2.102797880063501879e+00
2.941402154728752993e+00 -4.000000000000000000e+00 -4.623290458511785106e-01 8.554549725323479237e-01 1.271486575368677673e-02 9.241504929299272364e-01 3.213559502125747702e+00
2.900542177067739757e+00 -5.000000000000000000e+00 -5.943080794376810472e-01 9.177070327952285833e-01 1.222929879618991737e-02 9.849513546034375233e-01 2.417822547264816269e+00
2.870973902701073222e+00 -6.000000000000000000e+00 -7.279352674836442327e-01 9.629903906604018182e-01 1.127442524277070396e-02 9.831546859947417616e-01 2.242112669586132423e+00
2.845695371021955467e+00 -7.000000000000000000e+00 -8.644128716213098640e-01 9.908080653090103329e-01 9.355905693807925472e-03 9.992591398039732953e-01 3.078318796766180032e+00
2.816894910663934937e+00 -8.000000000000000000e+00 -1.000000000000000000e+00 1.000000000000000000e+00 0.000000000000000000e+00 7.052781773478725702e-01 1.937037340198735524e+00
