5.000000000000000000e+00 0.000000000000000000e+00 0.000000000000000000e+00 5.000000000000000000e-01 7.957747154594766933e-03 1.192915867728965296e-01 6.611770302749220285e-01
4.994738520368646739e+00 1.000000000000000000e+00 4.008431673999082734e-02 4.607190594842651143e-01 7.962927407635773946e-03 9.331652473758396127e-01 3.711870604760513448e+00
4.965181164196401653e+00 0.000000000000000000e+00 0.000000000000000000e+00 5.000000000000000000e-01 8.013551662502834544e-03 7.295775600804355054e-02 4.311852220356268361e+00
4.930627913667499307e+00 1.000000000000000000e+00 4.113348818332793200e-02 4.597124937417360613e-01 8.066293368822642987e-03 5.273033709888980125e-01 2.342484431632519293e+00
4.911732747030051804e+00 0.000000000000000000e+00 0.000000000000000000e+00 5.000000000000000000e-01 8.100753404596911997e-03 6.697006856099365635e-01 1.058391480250008065e+00
4.903158978643020305e+00 -1.000000000000000000e+00 -4.159566292231686724e-02 5.407305633353434171e-01 8.111405408585800961e-03 8.913698675290196993e-01 4.226231309317993734e+00
4.868878303142683883e+00 -2.000000000000000000e+00 -8.436691262308898542e-02 5.808080246503130040e-01 8.157460172790571840e-03 2.153743190532596552e-01 1.740231087493778972e+00
4.854682437355001490e+00 -1.000000000000000000e+00 -4.243051931935857418e-02 5.415303448345033521e-01 8.192258040554668136e-03 1.031203090646350962e-01 8.647042414232103402e-01
4.847598557080500470e+00 0.000000000000000000e+00 0.000000000000000000e+00 5.000000000000000000e-01 8.207927142576112653e-03 6.699522856772254231e-01 3.919565936312968901e+00
4.815427045444720555e+00 -1.000000000000000000e+00 -4.312512677520383836e-02 5.421952384955150972e-01 8.258918396145051299e-03 5.804913078832724116e-01 2.180184272396975764e+00
4.797421081450434777e+00 -2.000000000000000000e+00 -8.689890763964752685e-02 5.831231975651655075e-01 8.278059143434789158e-03 1.612020428611127265e-02 9.570346699570333460e-01
4.789498691850212708e+00 -1.000000000000000000e+00 -4.359331363320190222e-02 5.426431251364405295e-01 8.303544264032229616e-03 5.335934196601055390e-01 5.388790771060078200e+00
4.744752629153106582e+00 0.000000000000000000e+00 0.000000000000000000e+00 5.000000000000000000e-01 8.385839870449841513e-03 4.402001553374409459e-01 1.379873892469111407e+00
4.733181227649446043e+00 1.000000000000000000e+00 4.463686995610226249e-02 4.563593551236367341e-01 8.402149595149909639e-03 6.654184583462869895e-01 1.778479066148519472e+00
4.718238180483823818e+00 0.000000000000000000e+00 0.000000000000000000e+00 5.000000000000000000e-01 8.432964647175519163e-03 9.903102330044034618e-01 3.193417938232487874e+00
4.691308199907052945e+00 -1.000000000000000000e+00 -4.543725322040504527e-02 5.444049812302974578e-01 8.476991161759260193e-03 4.450954547700178843e-01 3.463435022821833797e+00
4.661948691829264746e+00 0.000000000000000000e+00 0.000000000000000000e+00 5.000000000000000000e-01 8.534786288555537906e-03 6.304679964731846331e-01 2.315360723352575256e+00
4.642187582874535146e+00 -1.000000000000000000e+00 -4.640391566759308889e-02 5.453272539729505652e-01 8.566498545468858097e-03 8.268260323350345997e-01 2.003126247492181822e+00
4.625027804789002772e+00 -2.000000000000000000e+00 -9.349778011777443165e-02 5.891268626742985903e-01 8.584034224082744483e-03 4.557785457596629231e-01 4.426291275097414157e+00
4.587032368997808085e+00 -1.000000000000000000e+00 -4.752656103485081857e-02 5.463971740329510718e-01 8.669274319883459382e-03 1.080068822653055260e-01 4.005187584272180246e+00
4.552310299127161564e+00 0.000000000000000000e+00 0.000000000000000000e+00 5.000000000000000000e-01 8.740339115416349836e-03 9.823477616714155758e-01 2.242589880474413100e+00
4.532709303075014518e+00 -1.000000000000000000e+00 -4.867256854945352373e-02 5.474880590848528739e-01 8.772930292375125810e-03 1.059793846438505938e-04 2.598748430304453905e+00
4.509910664248534040e+00 0.000000000000000000e+00 0.000000000000000000e+00 5.000000000000000000e-01 8.822510851133155696e-03 1.132079537723821305e-01 2.445844406937646820e+00
4.488332175428142889e+00 1.000000000000000000e+00 4.963979942587010835e-02 4.515922554176501902e-01 8.859458930630781381e-03 7.726714648236632232e-01 9.951388101125451247e-01
4.479515784009674206e+00 0.000000000000000000e+00 0.000000000000000000e+00 5.000000000000000000e-01 8.882374276926513143e-03 7.765786723956634718e-01 3.276091691533960848e+00
4.450416311439940209e+00 -1.000000000000000000e+00 -5.048922711718972084e-02 5.492146460897441296e-01 8.934747591092723207e-03 5.089795217746762024e-01 6.632104663786400067e-01
4.444490693323076336e+00 0.000000000000000000e+00 0.000000000000000000e+00 5.000000000000000000e-01 8.952372390552677112e-03 4.763079570822841280e-01 1.647515419020991745e+00
4.429741521772823099e+00 1.000000000000000000e+00 5.096162042472646148e-02 4.503369229534304741e-01 8.976340555565521726e-03 5.604700351792294422e-01 1.705539095800694849e+00
4.414432022018084822e+00 0.000000000000000000e+00 0.000000000000000000e+00 5.000000000000000000e-01 9.013330723979338238e-03 2.248525550671586215e-01 1.698043187386345076e+00
4.399126997186571408e+00 1.000000000000000000e+00 5.167339553673362673e-02 4.496616743664142435e-01 9.038643327950129577e-03 6.389947723083920783e-01 3.605898388158011336e+00
4.366534567779180698e+00 0.000000000000000000e+00 0.000000000000000000e+00 5.000000000000000000e-01 9.112199881933005438e-03 9.926748303749016733e-01 5.465995377228410890e-01
4.361553843536078112e+00 -1.000000000000000000e+00 -5.256752422923102741e-02 5.511858519274356327e-01 9.116294710060085862e-03 7.281090681470491210e-01 6.852259932192605874e+00
4.299086622564273874e+00 -2.000000000000000000e+00 -1.082125432245473473e-01 6.023575659689850426e-01 9.227906101412013465e-03 4.951623190617301384e-01 2.295409441730512867e+00
4.277904799771690136e+00 -1.000000000000000000e+00 -5.464340689818793922e-02 5.531504559394674336e-01 9.294033386145910541e-03 5.136122990921340170e-01 5.106220922466586654e-01
4.273159060998645842e+00 0.000000000000000000e+00 0.000000000000000000e+00 5.000000000000000000e-01 9.311316336461187074e-03 3.768602106281903064e-01 3.113535406784563531e+00
4.244167947901302362e+00 1.000000000000000000e+00 5.551557949614847887e-02 4.460254102872481252e-01 9.367685706600322251e-03 7.641506638436622589e-01 5.558634405670827228e+00
4.192096407831082949e+00 0.000000000000000000e+00 0.000000000000000000e+00 5.000000000000000000e-01 9.491369449100964251e-03 9.446124529909289969e-01 1.211170696661506785e+00
4.180600739283143241e+00 -1.000000000000000000e+00 -5.721667469200626688e-02 5.555798007606008726e-01 9.509666257725627250e-03 3.266847551320131160e-01 3.207858560222042410e+00
4.150095074973443765e+00 0.000000000000000000e+00 0.000000000000000000e+00 5.000000000000000000e-01 9.587427529772540868e-03 9.725548316603588317e-01 2.521338289349229100e+00
4.125921926846267240e+00 -1.000000000000000000e+00 -5.874325245026788822e-02 5.570178675960499870e-01 9.635264962390687263e-03 4.221499645402033707e-01 1.424519068213977668e+00
4.112196308180047666e+00 0.000000000000000000e+00 0.000000000000000000e+00 5.000000000000000000e-01 9.675787046894000765e-03 3.380373024224349043e-01 1.352829831514201553e+00
4.099106614819630678e+00 1.000000000000000000e+00 5.951433314277503744e-02 4.422566447819395452e-01 9.698074358074163306e-03 6.007092464562168166e-01 4.670189260694634470e+00
4.053814772103134345e+00 0.000000000000000000e+00 0.000000000000000000e+00 5.000000000000000000e-01 9.815134141496871176e-03 5.164645049591150006e-01 1.157482624209373645e+00
4.042453924880067717e+00 -1.000000000000000000e+00 -6.119414099338016388e-02 5.593217795474213494e-01 9.833486579228977939e-03 4.298567779071137407e-01 1.373853214657915434e+00
4.028944157731898734e+00 0.000000000000000000e+00 0.000000000000000000e+00 5.000000000000000000e-01 9.875722823463746816e-03 7.350962267501752745e-01 3.516582009758074445e+00
3.994215368517548992e+00 -1.000000000000000000e+00 -6.268116262366953129e-02 5.607166985497420431e-01 9.951786113365935355e-03 3.819824641117612884e-01 5.577321477065121380e-01
3.988664937475025596e+00 0.000000000000000000e+00 0.000000000000000000e+00 5.000000000000000000e-01 9.975452036380271295e-03 2.196874438723446232e-01 5.434898384883868339e+00
3.934449369314016121e+00 1.000000000000000000e+00 6.459993457032277286e-02 4.374866412029222440e-01 1.010233811477511540e-02 5.781832881950232927e-02 3.728850905259076143e+00
3.896779256689503868e+00 2.000000000000000000e+00 1.317098897416075776e-01 3.769638577862656215e-01 1.016600153123812210e-02 2.482050010444285526e-01 7.239581272058498662e+00
3.823181662392234337e+00 3.000000000000000000e+00 2.052444327889138831e-01 3.158182058065076014e-01 1.029525826652974776e-02 8.391343638521941983e-02 3.914841691119453237e+00
3.782877356109581424e+00 4.000000000000000000e+00 2.795216611791475625e-01 2.595445183550275092e-01 1.030422195101817449e-02 6.404858387733841640e-01 3.735165500835811336e+00
3.744389381765183433e+00 3.000000000000000000e+00 2.139731325173204191e-01 3.089191182023169890e-01 1.050173230463344320e-02 1.457515287457831210e-01 2.244279636443689885e+00
3.720820557806511886e+00 4.000000000000000000e+00 2.889232818281699533e-01 2.528150495630100969e-01 1.046054190662423257e-02 3.385290557875564321e-02 3.541565478762657371e+00
3.683773863700861462e+00 5.000000000000000000e+00 3.684546822575938685e-01 1.994247441811783927e-01 1.040727583061950949e-02 8.040553910728055476e-01 1.211046464715544557e+00
3.671170169098870062e+00 4.000000000000000000e+00 2.967911590491064677e-01 2.472513369957495266e-01 1.058836328546628770e-02 8.683351829620347129e-01 7.695850661747976496e+00
3.589683706501586524e+00 3.000000000000000000e+00 2.328138898751898056e-01 2.942872637842187111e-01 1.092977883750011030e-02 7.309221792655488104e-01 4.197606554664216283e+00
3.543804795212265990e+00 2.000000000000000000e+00 1.592540232398686473e-01 3.534268987191736544e-01 1.115558231163948401e-02 2.880035622962155983e-01 3.590704114374833611e-01
3.539799155681800702e+00 3.000000000000000000e+00 2.394219766886330758e-01 2.892394647721130974e-01 1.107452144496892318e-02 5.360880530019838108e-01 5.295402506693429601e+00
3.481155107061681964e+00 2.000000000000000000e+00 1.650377321554794552e-01 3.485809943620324369e-01 1.135084325861480774e-02 3.486759254339385494e-01 3.455298326379476759e+00
3.441934557347194445e+00 1.000000000000000000e+00 8.441017149725082991e-02 4.191523670288468395e-01 1.153932680478925166e-02 4.307441102708789993e-01 1.920630039183003346e+00
3.419771779653966615e+00 0.000000000000000000e+00 0.000000000000000000e+00 5.000000000000000000e-01 1.163490967721825600e-02 2.041963033814964135e-02 3.017028694929409394e+00
3.384668923294887222e+00 1.000000000000000000e+00 8.729062683865498884e-02 4.165191999282876756e-01 1.173309781037933965e-02 4.027299663261897367e-01 1.808185136066262411e+00
3.363453310234147509e+00 2.000000000000000000e+00 1.767906077799085984e-01 3.388368517196861385e-01 1.173581974126367694e-02 2.626923783429603310e-01 1.012621573967363187e+00
3.351569365975951786e+00 3.000000000000000000e+00 2.670698301795284002e-01 2.685933169165326539e-01 1.165207859490685963e-02 3.067307205698047712e-01 2.766436715509859479e+00
3.319334627938995030e+00 2.000000000000000000e+00 1.815214376309005340e-01 3.349535785288939582e-01 1.188655754178561709e-02 1.076836327682557659e-01 1.923957903842497652e+00
3.296465391606997919e+00 3.000000000000000000e+00 2.760731772865566702e-01 2.620350223219906072e-01 1.183093015357451760e-02 4.679727336200543153e-01 3.205764043449098377e+00
3.258538221120110823e+00 2.000000000000000000e+00 1.883581242054850613e-01 3.293812672716194268e-01 1.210033956166221315e-02 5.316247794162693996e-01 3.246264254314827902e+00
3.219257321336015387e+00 1.000000000000000000e+00 9.649140183025750606e-02 4.081638934833266008e-01 1.233069741914866180e-02 9.476014873258196136e-01 1.118117911098116091e+00
3.205470147695333782e+00 0.000000000000000000e+00 0.000000000000000000e+00 5.000000000000000000e-01 1.241276129231186527e-02 8.453566815308209970e-01 5.079722600255992759e+00
3.142416763627194243e+00 -1.000000000000000000e+00 -1.012680469251803494e-01 5.961404382611601438e-01 1.262919650003853020e-02 4.236102050697214683e-01 4.773098356344372961e-01
3.136388723921565980e+00 0.000000000000000000e+00 0.000000000000000000e+00 5.000000000000000000e-01 1.268616210404691427e-02 5.921098652127732009e-01 1.698893627764163305e+00
3.114836283962217678e+00 -1.000000000000000000e+00 -1.030693530159709631e-01 5.977577072504055566e-01 1.273983454486300390e-02 9.487522144663623758e-01 2.390811011661826857e+00
3.084377747245609314e+00 -2.000000000000000000e+00 -2.102300885890682203e-01 6.881317435149845174e-01 1.275431036288568118e-02 2.831542992434763484e-01 7.366325389711515292e+00
2.990425346991223865e+00 -1.000000000000000000e+00 -1.118237545062840677e-01 6.055714784703432052e-01 1.326352015836879117e-02 2.281490056721059423e-01 3.801168138279604758e+00
2.940008476763803280e+00 0.000000000000000000e+00 0.000000000000000000e+00 5.000000000000000000e-01 1.353354457561668431e-02 2.631844500669575648e-01 2.312885582505462834e-01
2.936878322750889225e+00 1.000000000000000000e+00 1.159386108780840891e-01 3.907822698680858409e-01 1.350213304279657134e-02 6.049633732079798820e-01 2.904331147434116467e+00
2.897663657197895759e+00 0.000000000000000000e+00 0.000000000000000000e+00 5.000000000000000000e-01 1.373131614987034392e-02 3.406210952623822674e-01 3.003731125257570689e+00
2.856418475487778164e+00 1.000000000000000000e+00 1.225621393575449247e-01 3.849485996444041991e-01 1.387688176462813054e-02 1.552835830120425920e-01 1.435047229637368416e+00
2.836504494755443417e+00 2.000000000000000000e+00 2.485782026318515137e-01 2.823173587799894246e-01 1.380372625896764821e-02 9.982526047624274979e-01 2.120532601966602648e+00
2.807233243194680039e+00 1.000000000000000000e+00 1.268945598617801374e-01 3.811565547994772984e-01 1.411612709565974663e-02 2.593323707758403707e-01 5.360853947437473899e-01
2.799665793628350219e+00 2.000000000000000000e+00 2.551629493835989582e-01 2.773911159854696162e-01 1.397277877232972094e-02 1.167691286793948180e-01 6.775829918267651797e-01
2.790198076383661352e+00 3.000000000000000000e+00 3.853462923961560316e-01 1.888995901355758900e-01 1.368742427080030764e-02 9.647728401414948918e-01 5.530659569941617448e+00
2.714497592352508537e+00 2.000000000000000000e+00 2.714257672148479017e-01 2.654102063392365096e-01 1.437746793643752269e-02 1.572082151624344393e-01 1.245948791910217679e+00
2.696584003546376174e+00 3.000000000000000000e+00 4.125659168426391576e-01 1.725394010274645673e-01 1.406746512216788987e-02 7.148496487788280618e-02 1.247993393112897920e+00
2.679027900016064390e+00 4.000000000000000000e+00 5.573211420394365012e-01 9.798228564263433693e-02 1.347487690866005713e-02 4.930654002942880254e-02 1.244968848080875823e+00
2.662252098033058179e+00 5.000000000000000000e+00 7.054587888300022369e-01 4.337726253874463200e-02 1.239812012816369699e-02 2.193552773573059778e-02 9.527557180536303516e-01
2.650439718187834526e+00 6.000000000000000000e+00 8.541131105430870285e-01 1.064149225770677498e-02 1.027258918581861954e-02 7.926875189949389444e-03 9.309117696869071423e-01
2.640876844009597324e+00 7.000000000000000000e+00 1.000000000000000000e+00 0.000000000000000000e+00 0.000000000000000000e+00 1.164017500053504683e-02 1.889287565265349800e+00
