5.000000000000000000e+00 0.000000000000000000e+00 0.000000000000000000e+00 5.000000000000000000e-01 7.957747154594766933e-03 2.056637616906370480e-01 1.423194110052427019e+00
4.988674581120294604e+00 1.000000000000000000e+00 4.018182423929554659e-02 4.606254652603032906e-01 7.972591042641889378e-03 6.338297679044381239e-01 6.724374199866869350e-01
4.983313512568971149e+00 0.000000000000000000e+00 0.000000000000000000e+00 5.000000000000000000e-01 7.984393450786955726e-03 3.862301427063909998e-01 1.459126690789168235e+00
4.971663270975165361e+00 1.000000000000000000e+00 4.045727125369331934e-02 4.603611241449541147e-01 7.999825975285217508e-03 6.974331975218934776e-01 2.513628611139759439e+00
4.951554679519549751e+00 0.000000000000000000e+00 0.000000000000000000e+00 5.000000000000000000e-01 8.035604643031941940e-03 9.080774173623440415e-02 4.442853830339674737e+00
4.915853662652160061e+00 1.000000000000000000e+00 4.138110731351545696e-02 4.594750907077309043e-01 8.090494629046001210e-03 5.684665836321747268e-01 7.687333745937173779e-01
4.909634229413841311e+00 0.000000000000000000e+00 0.000000000000000000e+00 5.000000000000000000e-01 8.104215897509781455e-03 9.324839243023246294e-01 8.336420302382102632e-01
4.902878214419552627e+00 -1.000000000000000000e+00 -4.160042702530988151e-02 5.407351292609657856e-01 8.111869104173261014e-03 7.919899600231498082e-01 4.752310112182874136e+00
4.864328096847086336e+00 -2.000000000000000000e+00 -8.452482401298058723e-02 5.809526010757679604e-01 8.165035922341731811e-03 4.231681474316825176e-01 1.461008368800777779e+00
4.852398911032985929e+00 -1.000000000000000000e+00 -4.247046410043480574e-02 5.415685939399816906e-01 8.196106331251043833e-03 6.754037344643715191e-01 1.484463882020071512e+00
4.840232087211047585e+00 -2.000000000000000000e+00 -8.536849456077932885e-02 5.817246046289924477e-01 8.205387015553315330e-03 8.092447922177579134e-01 2.883962797411944390e+00
4.816568056319824542e+00 -3.000000000000000000e+00 -1.293140913624817590e-01 6.209530242500296282e-01 8.225979928568735375e-03 3.621114788195554102e-01 4.623753326505235073e+00
4.778533154261339178e+00 -2.000000000000000000e+00 -8.758722935635447626e-02 5.837514679831931064e-01 8.310527587638425612e-03 2.602610564463411214e-01 1.104467355387602545e+00
4.769354447834744271e+00 -1.000000000000000000e+00 -4.396234004125733341e-02 5.429959963703057113e-01 8.338548290178514344e-03 9.446990623653416241e-01 4.327623417186923227e+00
4.733268350988823592e+00 -2.000000000000000000e+00 -8.927045349183640455e-02 5.852858465585173420e-01 8.389371602324493735e-03 6.275534983709399883e-01 1.102660342329875975e+00
4.724017723625872023e+00 -3.000000000000000000e+00 -1.344306250842831618e-01 6.253948286040076354e-01 8.384247003649680438e-03 6.228391527275480843e-01 8.001482339475735728e+00
4.656931319296366389e+00 -2.000000000000000000e+00 -9.222110670806102362e-02 5.879687404468312284e-01 8.525737926120161708e-03 1.902720814484946121e-01 1.769649414396333942e+00
4.641843752168111514e+00 -1.000000000000000000e+00 -4.641079038499830445e-02 5.453338096529182222e-01 8.567131712946761055e-03 3.499089409262685635e-01 6.099624900760837853e+00
4.589587462243724048e+00 0.000000000000000000e+00 0.000000000000000000e+00 5.000000000000000000e-01 8.669349064659116408e-03 6.919739939362685721e-01 4.465944338444208128e+00
4.550870631870413519e+00 -1.000000000000000000e+00 -4.828486484656992206e-02 5.471191507599442172e-01 8.738002191470544203e-03 4.464146587154551593e-01 7.896957992398780934e-01
4.543970268246060762e+00 0.000000000000000000e+00 0.000000000000000000e+00 5.000000000000000000e-01 8.756381187399801119e-03 9.445463446051878265e-01 4.235368073624442786e+00
4.506883770924462240e+00 -1.000000000000000000e+00 -4.923197788431588062e-02 5.480200840611150204e-01 8.823080130226940848e-03 6.260231559834474879e-01 1.958567739471392066e+00
4.489603170818628364e+00 -2.000000000000000000e+00 -9.922339519786034512e-02 5.943007541205649336e-01 8.840495775478022372e-03 7.327634510723479710e-01 1.685802364753184790e+00
4.474699842134737260e+00 -3.000000000000000000e+00 -1.498281570135349683e-01 6.386039186964986847e-01 8.841463327761381330e-03 4.485936137592749784e-01 1.914019442732765031e+00
4.457777109423193274e+00 -2.000000000000000000e+00 -1.006452530353407482e-01 5.955805195560668341e-01 8.902971492951801749e-03 3.476491615784389477e-01 1.576288831837566073e+00
4.443743454888685385e+00 -1.000000000000000000e+00 -5.064097319722028062e-02 5.493587191140394399e-01 8.948129832387007390e-03 5.462193258844763033e-01 3.072613068337672004e+00
4.416249314228511302e+00 0.000000000000000000e+00 0.000000000000000000e+00 5.000000000000000000e-01 9.009621726921152388e-03 5.961663647859940518e-01 2.403341886682410777e+00
4.394596112949037625e+00 -1.000000000000000000e+00 -5.178000231507744189e-02 5.504394179952026844e-01 9.047937252903752448e-03 6.286773902829395633e-01 2.674402412237741888e+00
4.370398287734095888e+00 -2.000000000000000000e+00 -1.047099521075546269e-01 5.992278650723714684e-01 9.079051492464707343e-03 8.777905122469669141e-01 2.519987241748409268e+00
4.347519193805908344e+00 -3.000000000000000000e+00 -1.587224061860783852e-01 6.461260050733291793e-01 9.093676037041318119e-03 7.761319828482355909e-01 1.351528489597456861e+00
4.335228831566677599e+00 -4.000000000000000000e+00 -2.128315160966714470e-01 6.901828889746676188e-01 9.071643911776160543e-03 1.029379928107815312e-01 1.556360404978289536e+00
4.321110084174327071e+00 -3.000000000000000000e+00 -1.606684462070875341e-01 6.477612714037876973e-01 9.147785211524797969e-03 9.172855345841178787e-01 5.766181266162630159e+00
4.268362296460753491e+00 -4.000000000000000000e+00 -2.195520220667536160e-01 6.954504768699534267e-01 9.206653831485790349e-03 1.210983164040791982e-01 1.559210053279552310e+00
4.254007189249636056e+00 -3.000000000000000000e+00 -1.657772059572307777e-01 6.520361649497377066e-01 9.288076517762273304e-03 3.730808596394991072e-01 5.796316993067734735e+00
4.200170553496817227e+00 -2.000000000000000000e+00 -1.133694772104183318e-01 6.069431580289366135e-01 9.442487980182278501e-03 6.842433625937357489e-01 5.103678148805485648e+00
4.151979133922002241e+00 -3.000000000000000000e+00 -1.740247145976502874e-01 6.588824139522534429e-01 9.509402196162444060e-03 3.544317920366322205e-01 4.287574792217435871e+00
4.111206860776679406e+00 -2.000000000000000000e+00 -1.183290388274959998e-01 6.113281581125764585e-01 9.643998789742357428e-03 6.414685883036437275e-01 1.802533594618393353e+00
4.093823228971709582e+00 -3.000000000000000000e+00 -1.790041430638847908e-01 6.629829014468668902e-01 9.640082139660055560e-03 7.036691841753248688e-01 4.056619263408690834e+00
4.054717086063122977e+00 -4.000000000000000000e+00 -2.432981894562953884e-01 7.137011849599397273e-01 9.663269083008246482e-03 3.176384582273108492e-01 2.326809974859878505e+00
4.032232495171024667e+00 -3.000000000000000000e+00 -1.845143400763562258e-01 6.674915692294496328e-01 9.782220643651900333e-03 3.393453722598238631e-02 5.922666569675236747e-01
4.026438812052690608e+00 -2.000000000000000000e+00 -1.233638141125213278e-01 6.157544987963269323e-01 9.843981769709379478e-03 3.332320894967775171e-01 2.629249354306984809e+00
4.000556529340872913e+00 -1.000000000000000000e+00 -6.248261208701327146e-02 5.605305736804051531e-01 9.936073873522336189e-03 2.138615031260627797e-01 2.789403221513924613e+00
3.972840812868869254e+00 0.000000000000000000e+00 0.000000000000000000e+00 5.000000000000000000e-01 1.001518501423206628e-02 5.674065446104848975e-01 9.555470799705642060e-01
3.963270832073154892e+00 -1.000000000000000000e+00 -6.366379126018824330e-02 5.616372521013778263e-01 1.002917510072338231e-02 6.427025929066643162e-02 3.166941898600657890e+00
3.931509017238271397e+00 0.000000000000000000e+00 0.000000000000000000e+00 5.000000000000000000e-01 1.012047425009439221e-02 4.270537181982292374e-01 4.323888989072350419e+00
3.887749210064098015e+00 1.000000000000000000e+00 6.616122174829675018e-02 4.360274318833168850e-01 1.022316414596623202e-02 2.997157095718374631e-01 8.670608716762546742e-01
3.878885104448407173e+00 2.000000000000000000e+00 1.329279062896804864e-01 3.759070078455985509e-01 1.021205821802478007e-02 7.848579654431426800e-01 1.163443146997708011e+00
3.867003955297904749e+00 1.000000000000000000e+00 6.687299397063463380e-02 4.353630046906636353e-01 1.027776353680984363e-02 4.077465697960003244e-01 5.282803020400983485e-01
3.861574415272382321e+00 2.000000000000000000e+00 1.341223575958463421e-01 3.748720458076877371e-01 1.025700032605624153e-02 5.854715474612471882e-01 1.372049289552982332e+00
3.847501305262072346e+00 1.000000000000000000e+00 6.755265899700561849e-02 4.347290218717772547e-01 1.032962334600085949e-02 9.138384768580367634e-01 3.066073321344364278e+00
3.815829922701363230e+00 0.000000000000000000e+00 0.000000000000000000e+00 5.000000000000000000e-01 1.042728228956440496e-02 4.501160966326089863e-01 7.635578546379246934e-01
3.807868089406639456e+00 1.000000000000000000e+00 6.896618604062898505e-02 4.334119813678663502e-01 1.043663011710779798e-02 6.864459586583248063e-01 4.797027843160493465e-01
3.802861608880585997e+00 0.000000000000000000e+00 0.000000000000000000e+00 5.000000000000000000e-01 1.046284084597180232e-02 5.200219168680728643e-01 6.632375544920737553e+00
3.733468119123364737e+00 -1.000000000000000000e+00 -7.174226861553252566e-02 5.691687920624809438e-01 1.064356374136814394e-02 4.030573108387787151e-01 3.091273420269392780e+00
3.700565953432730204e+00 0.000000000000000000e+00 0.000000000000000000e+00 5.000000000000000000e-01 1.075206773063046815e-02 7.061597770852550138e-01 3.847889725762393187e+00
3.659193182481335960e+00 -1.000000000000000000e+00 -7.468430154056515669e-02 5.718954290922640959e-01 1.085843126090911201e-02 4.469650452634535975e-01 2.988383775368004258e+00
3.626744022675286505e+00 0.000000000000000000e+00 0.000000000000000000e+00 5.000000000000000000e-01 1.097092475349927508e-02 5.657227625048520947e-01 2.484378578571913021e+00
3.599488092230568537e+00 -1.000000000000000000e+00 -7.718244242873179006e-02 5.742038777190995313e-01 1.103748670176780099e-02 1.523774134684064974e-01 5.298641308242479475e+00
3.541004409253404539e+00 0.000000000000000000e+00 0.000000000000000000e+00 5.000000000000000000e-01 1.123656770067761775e-02 7.394423453003781121e-01 4.068820194215118313e+00
3.495284835679222102e+00 -1.000000000000000000e+00 -8.185304768731901937e-02 5.785030869794677288e-01 1.136441465890639102e-02 1.318260990200161853e-01 4.955738404010918252e+00
3.438965769514974902e+00 0.000000000000000000e+00 0.000000000000000000e+00 5.000000000000000000e-01 1.156997145062759955e-02 6.558366579000708407e-01 1.269023020174155247e+00
3.424283209401370875e+00 -1.000000000000000000e+00 -8.528264225364491635e-02 5.816460777187633102e-01 1.159837603795986841e-02 1.130260744076451163e-01 2.850804371520801794e+00
3.391218508289812750e+00 0.000000000000000000e+00 0.000000000000000000e+00 5.000000000000000000e-01 1.173287291152443242e-02 5.945215032554873602e-01 3.406600183743177634e+00
3.351249301273578229e+00 -1.000000000000000000e+00 -8.904028206788849875e-02 5.850761961525239307e-01 1.184918072105068179e-02 6.697329140300647410e-01 2.838998921681611165e+00
3.317609489983704751e+00 -2.000000000000000000e+00 -1.817102669314445140e-01 6.652009563772960377e-01 1.189252583440043864e-02 1.709239017924161219e-01 1.085008530723396092e+00
3.304705998001531864e+00 -1.000000000000000000e+00 -9.156602106158663601e-02 5.873738529550611709e-01 1.201467960854003467e-02 4.391752133107514888e-01 2.957299493141670510e+00
3.269174992084936893e+00 0.000000000000000000e+00 0.000000000000000000e+00 5.000000000000000000e-01 1.217087976914882699e-02 4.090081746121455586e-01 2.306954558451814297e+00
3.241097325521129946e+00 1.000000000000000000e+00 9.519537632656602244e-02 4.093357035104122632e-01 1.224837702899104867e-02 3.151070495006721428e-01 4.919449368051870941e+00
3.180842054886198866e+00 2.000000000000000000e+00 1.976722866995517802e-01 3.218648797649631410e-01 1.238422755471761498e-02 5.903611523823210083e-01 1.676899749016421914e+00
3.160074946807930552e+00 1.000000000000000000e+00 1.001394575187189717e-01 4.048744979573526970e-01 1.255934864521648063e-02 1.151859551603093834e-01 5.142859237982676524e-01
3.153615850587621061e+00 2.000000000000000000e+00 2.011001599910760551e-01 3.191204771831421261e-01 1.248665498503207134e-02 8.928639762553793879e-01 2.299952774935824618e+00
3.124897133805130345e+00 1.000000000000000000e+00 1.024067417718253631e-01 4.028368286083353067e-01 1.269925567067438539e-02 5.928419074788604526e-02 3.387788741937530101e+00
3.081874738413033388e+00 2.000000000000000000e+00 2.105717127617551809e-01 3.115985103459543715e-01 1.276418361957805218e-02 9.875867537684736019e-01 2.902635305996893234e+00
3.044824968386619091e+00 1.000000000000000000e+00 1.078637054155958119e-01 3.979535840573953931e-01 1.302942754009371075e-02 1.867072515454926140e-01 1.713290722411197731e+00
3.022501771063847542e+00 2.000000000000000000e+00 2.189257608096315810e-01 3.050384835634064595e-01 1.300254096350471691e-02 6.974657089163365242e-01 1.355977980002574412e+00
3.004870611833253768e+00 1.000000000000000000e+00 1.107512017756990680e-01 3.953817125716817538e-01 1.320055881831652851e-02 7.079621571407838099e-01 2.512278720352160377e+00
2.971707128817240307e+00 0.000000000000000000e+00 0.000000000000000000e+00 5.000000000000000000e-01 1.338918475079003620e-02 7.554303528945595092e-01 2.028540650432133052e+00
2.944546623274116648e+00 -1.000000000000000000e+00 -1.153355336832805333e-01 6.086843910182769823e-01 1.346744782836323782e-02 4.266147189039362075e-01 5.108084396854626341e+00
2.875753763156600584e+00 0.000000000000000000e+00 0.000000000000000000e+00 5.000000000000000000e-01 1.383593278490552123e-02 8.097153647908927887e-01 5.547041813385101827e-01
2.868078913388095064e+00 -1.000000000000000000e+00 -1.215675899521377196e-01 6.141782504887521865e-01 1.382131883911857928e-02 7.209873046846856370e-01 3.595755101980013801e+00
2.818380835656241867e+00 -2.000000000000000000e+00 -2.517854567887726214e-01 7.200874986636072173e-01 1.388645084411135877e-02 7.426918613145397918e-01 6.290989211705148243e+00
2.731021323207063478e+00 -3.000000000000000000e+00 -4.022268637194407193e-01 8.213336387706520192e-01 1.392679397653005975e-02 8.609369199261956984e-01 2.010873904512218591e+00
2.703016296626141290e+00 -4.000000000000000000e+00 -5.474729463294049081e-01 8.976096328481051323e-01 1.341244269020879475e-02 9.337715645917413765e-01 1.995011238749732296e+00
2.676258322720088234e+00 -5.000000000000000000e+00 -6.980940598351143000e-01 9.544264016465782152e-01 1.240680588300276110e-02 9.912118812948684798e-01 1.325395852632678562e+00
2.659814393658337828e+00 -6.000000000000000000e+00 -8.481029749404606077e-01 9.884636468890308780e-01 1.036174600164448643e-02 9.993584481675542586e-01 1.789106340997234312e+00
2.641276128182993066e+00 -7.000000000000000000e+00 -1.000000000000000000e+00 1.000000000000000000e+00 0.000000000000000000e+00 1.662306638834032402e-01 1.932775965372660831e+00
