5.000000000000000000e+00 0.000000000000000000e+00 0.000000000000000000e+00 5.000000000000000000e-01 7.957747154594766933e-03 3.580923263715607430e-01 5.990252734788072964e+00
4.952331083344436280e+00 1.000000000000000000e+00 4.077375014957029115e-02 4.600574992010594833e-01 8.031002807047230019e-03 8.220938441744203296e-01 5.238768019444199453e+00
4.910258522674810777e+00 0.000000000000000000e+00 0.000000000000000000e+00 5.000000000000000000e-01 8.103185522561721921e-03 3.486097904473157705e-01 1.856355276356503659e+00
4.895216131474708021e+00 1.000000000000000000e+00 4.173075646015064061e-02 4.591399715572175855e-01 8.124543844765913167e-03 7.866106646622625931e-01 6.330021303131050381e-01
4.890073277913148608e+00 0.000000000000000000e+00 0.000000000000000000e+00 5.000000000000000000e-01 8.136633852234169406e-03 9.705814271388150116e-01 4.023808952806384731e+00
4.857333017772821115e+00 -1.000000000000000000e+00 -4.238422444199758249e-02 5.414860132012228044e-01 8.187795692430367700e-03 4.897252682367770893e-01 4.453081707769438680e+00
4.820872094547905995e+00 0.000000000000000000e+00 0.000000000000000000e+00 5.000000000000000000e-01 8.253431120475549984e-03 2.848915520069413843e-01 9.631469113710297014e-01
4.812922827856006336e+00 1.000000000000000000e+00 4.317001542198882491e-02 4.577618096937785541e-01 8.263207582873998910e-03 8.038294885752914620e-01 2.416431701708413815e+00
4.792955351094952299e+00 0.000000000000000000e+00 0.000000000000000000e+00 5.000000000000000000e-01 8.301503531403455968e-03 2.730720190717924600e-01 2.803913946387275313e+00
4.769678649567266504e+00 1.000000000000000000e+00 4.395636388082079654e-02 4.570097170819907850e-01 8.337982605261296670e-03 7.671409363946308790e-01 5.709991585409479598e+00
4.722068839051933864e+00 0.000000000000000000e+00 0.000000000000000000e+00 5.000000000000000000e-01 8.426123618511744198e-03 8.466912481785208167e-01 4.041587263496244642e-01
4.718663347662211294e+00 -1.000000000000000000e+00 -4.491196040955496016e-02 5.439034183156402635e-01 8.427948398562029944e-03 5.192427582624477012e-01 1.077200905520599106e+00
4.709584754015599728e+00 0.000000000000000000e+00 0.000000000000000000e+00 5.000000000000000000e-01 8.448459439879112479e-03 6.078837325200223685e-01 8.971992725909680999e-01
4.702004802351625656e+00 -1.000000000000000000e+00 -4.523075772522446719e-02 5.442078470030254911e-01 8.457746522889122986e-03 7.381314895820405564e-01 2.664698806887558113e+00
4.679467455283125688e+00 -2.000000000000000000e+00 -9.133497900356335464e-02 5.871639398087726835e-01 8.485026989801575451e-03 6.194749388464063644e-01 2.250659305571369284e+00
4.660370550330504180e+00 -3.000000000000000000e+00 -1.381275651361718870e-01 6.285879530109481639e-01 8.496560185438340254e-03 2.350808836347190178e-01 2.949904482374815284e+00
4.635306509354712112e+00 -2.000000000000000000e+00 -9.308358074701218732e-02 5.887513042446693712e-01 8.565166589549465595e-03 3.405645442152973601e-01 2.741039374158897424e+00
4.611829050486527137e+00 -1.000000000000000000e+00 -4.701685751940576363e-02 5.459115650739057024e-01 8.622765914585292166e-03 1.479529723469134028e-01 1.733389083119669438e+00
4.596882442183888529e+00 0.000000000000000000e+00 0.000000000000000000e+00 5.000000000000000000e-01 8.655591321598163704e-03 3.055350332609769737e-01 6.077879651966149765e+00
4.544274799814612464e+00 1.000000000000000000e+00 4.842513364765739514e-02 4.527473631367393558e-01 8.750655286584939352e-03 3.821236335395679085e-01 1.038147784802405660e+00
4.535190326413275130e+00 2.000000000000000000e+00 9.723865887954956377e-02 4.074890195107971347e-01 8.752495802766489461e-03 8.200639279638567425e-01 4.152984806567472376e+00
4.498841344324840286e+00 1.000000000000000000e+00 4.940815590284029779e-02 4.518124270320194036e-01 8.838814334453902466e-03 9.443849536723203375e-01 1.474760014955685206e+00
4.485806214364770561e+00 0.000000000000000000e+00 0.000000000000000000e+00 5.000000000000000000e-01 8.869918554564280855e-03 4.605619694408331632e-01 1.454741083587553163e+00
4.472902779435369958e+00 1.000000000000000000e+00 4.998285769348746743e-02 4.512662853381162464e-01 8.889943674582201708e-03 4.915698545642621653e-01 2.476027190122490396e+00
4.450891037178447363e+00 0.000000000000000000e+00 0.000000000000000000e+00 5.000000000000000000e-01 8.939498954392983629e-03 6.114805496053388190e-02 1.216706811901447027e+00
4.440014287905651891e+00 1.000000000000000000e+00 5.072607560453339104e-02 4.505604917685850364e-01 8.955625988262343531e-03 7.983099740839728620e-01 3.859366678711256604e+00
4.405451243379551407e+00 0.000000000000000000e+00 0.000000000000000000e+00 5.000000000000000000e-01 9.031704943453358614e-03 2.405295570628440682e-01 8.298664832013986636e-01
4.397956134160814656e+00 1.000000000000000000e+00 5.170091310178256266e-02 4.496355791059964968e-01 9.041043224929139893e-03 4.933912759554803795e-02 6.027375027416592701e+00
4.343462376005082781e+00 2.000000000000000000e+00 1.060126932364680030e-01 3.996066523271567528e-01 9.134719345390661729e-03 2.490498234549030077e-01 1.749421361578143763e+00
4.327481902850235151e+00 3.000000000000000000e+00 1.601956555449076947e-01 3.526356684828236832e-01 9.134673839379929550e-03 2.448761568807310551e-01 1.425306373112052105e+00
4.314462194010666884e+00 4.000000000000000000e+00 2.148852746287547300e-01 3.082025659973829379e-01 9.113186082722364231e-03 3.649869958958340543e-01 8.228545777995003974e+00
4.239473925145598621e+00 3.000000000000000000e+00 1.669157498287535124e-01 3.470146839416939910e-01 9.319002803332641569e-03 3.213428925175076944e-01 2.075705939229833152e+00
4.220130415679022029e+00 4.000000000000000000e+00 2.245992216002347941e-01 3.006231835714808787e-01 9.306319528726732931e-03 8.574827552753333526e-01 1.386281602979935412e+00
4.207229236124895522e+00 3.000000000000000000e+00 1.694840772658973982e-01 3.448783489574389627e-01 9.388322617913754178e-03 4.279193081926783160e-01 7.183022525758615551e-01
4.200485582840538967e+00 2.000000000000000000e+00 1.133524728084139982e-01 3.930719187374770995e-01 9.441789057922062023e-03 7.131371932916945600e-01 1.814238681057417368e+00
4.183355923913271823e+00 1.000000000000000000e+00 5.714133298387010645e-02 4.444912329837166776e-01 9.503423685613044194e-03 5.546757383205972447e-01 3.940119990127193272e+00
4.145911294274939429e+00 0.000000000000000000e+00 0.000000000000000000e+00 5.000000000000000000e-01 9.597102530369577833e-03 7.953378838420943620e-01 5.523823936989645134e+00
4.092898589591939640e+00 -1.000000000000000000e+00 -5.969501031963804494e-02 5.579132631911072338e-01 9.712731667254117032e-03 7.375447200279967586e-01 1.997484858190671897e+00
4.073497555154930616e+00 -2.000000000000000000e+00 -1.205299775538068024e-01 6.132662398092462164e-01 9.731973193139266398e-03 4.906678231643861743e-01 6.657167761528439698e-01
4.067018817335187997e+00 -1.000000000000000000e+00 -6.045714527518371295e-02 5.586296120677713972e-01 9.774312178898753728e-03 9.054852052273568708e-01 5.791336066874391841e-01
4.061358184670133653e+00 -2.000000000000000000e+00 -1.212515808549106677e-01 6.139006079250032277e-01 9.760628341979837169e-03 2.085649853957434186e-01 4.761347936766254563e+00
4.014884437052505639e+00 -1.000000000000000000e+00 -6.203744476818290332e-02 5.601131224915002482e-01 9.900752904360527948e-03 1.324308670465538240e-01 2.493101301129351022e+00
3.990200857104484022e+00 0.000000000000000000e+00 0.000000000000000000e+00 5.000000000000000000e-01 9.971612256593717985e-03 8.843102555663105990e-01 2.671346335942522465e+00
3.963563227239392806e+00 -1.000000000000000000e+00 -6.365439855108248612e-02 5.616284573236324240e-01 1.002843825402839270e-02 5.630191772601256250e-01 1.831171249411359225e+00
3.945199439432118815e+00 -2.000000000000000000e+00 -1.284967283273840966e-01 6.202410237319633257e-01 1.004337658127797857e-02 3.520180427183088323e-01 5.798407035937178655e+00
3.886963853998669727e+00 -1.000000000000000000e+00 -6.618796002937450684e-02 5.639975370029495227e-01 1.022522062719311356e-02 3.173742381642367105e-01 3.703003198940956753e-01
3.883177451529432389e+00 0.000000000000000000e+00 0.000000000000000000e+00 5.000000000000000000e-01 1.024643768399061995e-02 9.750611103572168759e-01 3.506681146666639659e+00
3.847246461682487961e+00 -1.000000000000000000e+00 -6.756160873899792751e-02 5.652793232512971500e-01 1.033030444469587583e-02 9.323584600587005999e-01 9.919714381658061297e-01
3.836999094725792592e+00 -2.000000000000000000e+00 -1.358459208940769880e-01 6.266188637822971419e-01 1.032146600941052754e-02 4.541838748208285592e-01 2.037424553659120452e+00
3.815969886448461690e+00 -1.000000000000000000e+00 -6.867364867298847431e-02 5.663156136619579284e-01 1.041457726166564526e-02 1.665775313375812416e-01 2.886678030738372147e+00
3.785906355067784279e+00 0.000000000000000000e+00 0.000000000000000000e+00 5.000000000000000000e-01 1.050969887823901064e-02 4.756773574078412281e-01 3.633740176074320871e+00
3.747716840015483886e+00 1.000000000000000000e+00 7.119778121220921019e-02 4.313367808125616043e-01 1.060330482587966416e-02 6.076565636001751702e-02 6.242897242881448427e+00
3.681521497552568079e+00 2.000000000000000000e+00 1.475622654326279315e-01 3.633250456571767151e-01 1.074820529707094449e-02 2.447539637267037715e-01 2.921287394650780467e+00
3.650122900903116197e+00 3.000000000000000000e+00 2.251677974345374089e-01 3.001824710662230333e-01 1.075887151227220180e-02 2.754402381348017848e-01 3.003429256045019535e+00
3.617809391441128675e+00 4.000000000000000000e+00 3.056107507230682030e-01 2.410882147556904775e-01 1.072847930896179969e-02 6.812546848303340230e-01 3.419180376647871444e+00
3.581126785516653754e+00 3.000000000000000000e+00 2.339278131032794528e-01 2.934332977683619670e-01 1.095436795747118525e-02 6.970517547905842326e-01 5.591007352076244885e+00
3.519880833729084113e+00 2.000000000000000000e+00 1.614262189351306220e-01 3.516029931447157697e-01 1.122938428859347748e-02 7.303988730655848194e-01 2.946213102191667765e+00
3.486796674608484636e+00 1.000000000000000000e+00 8.225205433820757805e-02 4.211306458832201338e-01 1.139189180944360190e-02 7.840619717064746252e-01 5.526921524900958005e+00
3.423834582557527817e+00 0.000000000000000000e+00 0.000000000000000000e+00 5.000000000000000000e-01 1.162110341886100733e-02 6.565657811733698335e-01 1.656386557552217198e+00
3.404585543070602238e+00 -1.000000000000000000e+00 -8.627232429186924845e-02 5.825508673225084921e-01 1.166498019398406853e-02 3.309771719088242525e-01 3.310347822151736619e+00
3.365970401290003799e+00 0.000000000000000000e+00 0.000000000000000000e+00 5.000000000000000000e-01 1.182088106233044993e-02 3.896939957620395578e-01 4.761913413680436413e+00
3.309680389197771522e+00 1.000000000000000000e+00 9.129098367887443499e-02 4.128760381716538586e-01 1.199677418391846551e-02 2.362237403522594592e-01 3.732592179093803697e+00
3.264901323704522795e+00 2.000000000000000000e+00 1.876246416258547378e-01 3.299768614467604722e-01 1.207762762551459201e-02 6.236688615649850220e-01 3.101960081067409281e+00
3.227437004936179576e+00 1.000000000000000000e+00 9.600292198335232119e-02 4.086053585313185188e-01 1.229973875653273159e-02 9.671894375263142551e-01 3.526862885793690339e+00
3.184057512810805957e+00 0.000000000000000000e+00 0.000000000000000000e+00 5.000000000000000000e-01 1.249623651987659748e-02 1.720685152935131912e-01 3.636890349263231403e+00
3.138610070809555896e+00 1.000000000000000000e+00 1.015138437044064978e-01 4.036386865274148583e-01 1.264435433271573345e-02 2.860186156657018586e-02 6.546833835102772170e-01
3.130332022132710890e+00 2.000000000000000000e+00 2.041029058243029881e-01 3.167260922586591643e-01 1.257550098280221622e-02 2.208546999465204053e-01 5.020583363433056334e+00
3.067195671111618172e+00 3.000000000000000000e+00 3.188880828387606892e-01 2.319567218495294791e-01 1.262464582183578550e-02 2.430684524394344237e-01 5.726531962988221203e+00
2.994900233291470037e+00 2.000000000000000000e+00 2.229796740822937440e-01 3.018802934446291886e-01 1.311612020892764102e-02 6.826539995557087126e-01 3.293075526648888030e+00
2.951707858826865483e+00 1.000000000000000000e+00 1.147765738961436938e-01 3.918102570615247804e-01 1.343521327808138398e-02 2.037078903842570732e-01 1.458865957387641688e+00
2.932107683545229992e+00 2.000000000000000000e+00 2.326323798875515880e-01 2.944265321985214401e-01 1.338127434635446276e-02 1.949691713684532646e-01 3.075883896480479329e+00
2.890948437268891169e+00 3.000000000000000000e+00 3.589554597016794690e-01 2.054690513231425264e-01 1.328877561169630392e-02 1.104098521327518956e-01 1.345195253148571135e+00
2.873072439395880640e+00 4.000000000000000000e+00 4.845815102738462721e-01 1.328281097757946227e-01 1.292358843610734963e-02 9.644388449441880784e-01 2.316762508250633790e+00
2.843131554235045488e+00 3.000000000000000000e+00 3.711310958903269452e-01 1.977380492780506094e-01 1.347643323563856022e-02 4.961027006571487874e-01 1.449122145379330595e+00
2.823602556392555751e+00 2.000000000000000000e+00 2.508550583914538334e-01 2.806090717688360381e-01 1.386252856841603889e-02 5.866396530156253730e-01 1.029338579814608856e+00
2.809333320923303123e+00 1.000000000000000000e+00 1.267049142741830114e-01 3.813221533764310500e-01 1.410574785218461809e-02 6.541762854827185558e-01 4.580101136190146693e-01
2.802872745746842753e+00 0.000000000000000000e+00 0.000000000000000000e+00 5.000000000000000000e-01 1.419569826470016075e-02 7.172922010393042447e-01 1.319992854039440999e+00
2.784134525479338595e+00 -1.000000000000000000e+00 -1.290088690733978694e-01 6.206872249235992900e-01 1.423127703788406792e-02 8.489906129352937647e-01 7.644978721738715510e-01
2.773254744465559529e+00 -2.000000000000000000e+00 -2.600461727319560712e-01 7.262341667556868607e-01 1.409618566977141434e-02 3.939646196664424727e-01 5.907529275359792109e+00
2.689981114950477536e+00 -1.000000000000000000e+00 -1.381979299728963162e-01 6.286485960484995417e-01 1.472014858355708521e-02 9.816252304280631558e-01 3.747989844996287623e+00
2.634810147542469227e+00 -2.000000000000000000e+00 -2.880920944121053151e-01 7.465935669807286512e-01 1.477411981944303475e-02 3.967377713789888016e-02 4.823391483206477259e-01
2.627684011171572021e+00 -1.000000000000000000e+00 -1.448283967326252919e-01 6.343407644825539426e-01 1.506188471912607574e-02 7.241819160225764218e-01 4.803636540816986766e-01
2.620448829190535456e+00 -2.000000000000000000e+00 -2.912585135823564375e-01 7.488427527152545782e-01 1.484749125775354506e-02 6.084384244018081755e-01 2.807362184554290430e+00
2.578766543698017610e+00 -1.000000000000000000e+00 -1.503751057336963626e-01 6.390687695214861685e-01 1.534114197932187097e-02 7.295163083539227822e-01 4.446998199536589813e-01
2.571944340621929559e+00 -2.000000000000000000e+00 -3.023478356503344067e-01 7.566407287891135924e-01 1.509959654513105647e-02 4.085575724043799539e-02 2.770636808678914154e+00
2.530108842637788680e+00 -1.000000000000000000e+00 -1.562145891892000316e-01 6.440130902514247246e-01 1.562896672010455693e-02 6.617856869255613894e-01 2.930634657701675305e+00
2.484306051103783997e+00 -2.000000000000000000e+00 -3.240558017611973041e-01 7.715497204336511095e-01 1.557192474286254492e-02 8.701589481316035490e-01 3.310038178414123955e+00
2.432762385693517437e+00 -3.000000000000000000e+00 -5.068995084567081699e-01 8.784259526198819890e-01 1.514326170438382545e-02 3.103356301204117651e-01 3.126088319597042808e+00
2.385423212158841899e+00 -2.000000000000000000e+00 -3.514787827655668218e-01 7.897101153983845379e-01 1.613028798274262002e-02 9.211554924295752844e-01 8.284737742777123159e+00
2.251788006506350026e+00 -3.000000000000000000e+00 -5.916518834826803852e-01 9.166259078683787198e-01 1.577384860080786530e-02 4.233228947117769758e-01 3.585002177715715721e+00
2.195238724921495965e+00 -2.000000000000000000e+00 -4.150175719168499588e-01 8.288977794169710700e-01 1.726910270636482225e-02 7.438698820882911900e-01 9.996488508714130861e-01
2.177975686245497755e+00 -1.000000000000000000e+00 -2.108113287170582661e-01 6.885906205593324003e-01 1.806106671134523681e-02 3.834890975701791271e-01 3.076091891970788250e+00
2.122418185374385313e+00 0.000000000000000000e+00 0.000000000000000000e+00 5.000000000000000000e-01 1.874688788814504042e-02 4.499298211674140902e-02 1.426705328960566455e+00
2.095671900522942277e+00 1.000000000000000000e+00 2.276949609456959123e-01 2.982275366743351031e-01 1.873346967297844640e-02 5.591314598648866596e-02 4.975037481581069954e-01
2.086351929144629302e+00 2.000000000000000000e+00 4.594675664034664209e-01 1.460876558848954732e-01 1.794171410170831635e-02 7.591262002454736146e-01 2.787548659006810592e+00
2.036338528060128716e+00 1.000000000000000000e+00 2.411570948422382954e-01 2.879212773541358628e-01 1.924669214739930731e-02 9.599175329483721208e-01 3.755320910865858508e+00
1.964061022574002280e+00 0.000000000000000000e+00 0.000000000000000000e+00 5.000000000000000000e-01 2.025840099450100865e-02 1.409611447597025613e-02 2.000640132619357026e+00
1.923531252521707646e+00 1.000000000000000000e+00 2.702722805534674699e-01 2.662512722643186613e-01 2.029304545149272776e-02 1.934988396397970822e-01 1.914627661971161521e+00
1.884677626354641644e+00 2.000000000000000000e+00 5.630615166599811650e-01 9.545761911173794578e-02 1.910520855917614835e-02 7.840000373674683720e-01 3.377704424105110181e+00
1.820145878880861545e+00 1.000000000000000000e+00 3.018475162447399329e-01 2.437084452868193418e-01 2.133819566913404756e-02 4.224575826914340748e-01 5.694136835428037280e+00
1.698643272919674319e+00 0.000000000000000000e+00 0.000000000000000000e+00 5.000000000000000000e-01 2.342383265945172446e-02 9.733290693579698116e-01 4.280906035106455398e-01
1.688615750259957249e+00 -1.000000000000000000e+00 -3.507020693471882833e-01 7.892060986249882504e-01 2.279011347165893139e-02 3.908315277483491723e-01 1.266862753897247451e+00
1.659743804345620743e+00 0.000000000000000000e+00 0.000000000000000000e+00 5.000000000000000000e-01 2.397281777392213167e-02 8.526989693993864972e-01 2.858131099469967573e+00
1.591226348324047413e+00 -1.000000000000000000e+00 -3.949445062754368130e-01 8.169539247568625706e-01 2.394561755182629537e-02 2.368064168294637950e-01 1.949667250835940058e+00
1.544540361982209342e+00 0.000000000000000000e+00 0.000000000000000000e+00 5.000000000000000000e-01 2.576089091120309371e-02 2.118283297500801465e-01 4.961901704806795266e+00
1.416717353452568773e+00 1.000000000000000000e+00 4.982342430019845447e-01 1.258844374478957362e-01 2.608513539605558998e-02 4.585169568365660142e-01 4.763742365385490452e+00
1.292454488859562156e+00 0.000000000000000000e+00 0.000000000000000000e+00 5.000000000000000000e-01 3.078540568812034028e-02 6.218961856540400346e-01 3.459399357748842441e+00
1.185955476194041180e+00 -1.000000000000000000e+00 -7.109895709441074185e-01 9.582364859484644448e-01 2.770357974082016811e-02 9.678353664673544632e-01 6.712046651525611196e+00
1.000007756559396332e+00 -2.000000000000000000e+00 -1.000000000000000000e+00 1.000000000000000000e+00 0.000000000000000000e+00 8.054063198502365850e-01 2.265142882323656348e+00
