5.000000000000000000e+00 0.000000000000000000e+00 0.000000000000000000e+00 5.000000000000000000e-01 7.957747154594766933e-03 5.516790296994998899e-01 1.209078981281814569e+00
4.990378455177024719e+00 -1.000000000000000000e+00 -4.015439021581908297e-02 5.393482026890169534e-01 7.969873346441861892e-03 8.915843068601492227e-03 5.578007791749990396e+00
4.945922439551311278e+00 0.000000000000000000e+00 0.000000000000000000e+00 5.000000000000000000e-01 8.044755302831522667e-03 7.251496791676503850e-02 1.329240945780436611e+00
4.935229021404003547e+00 1.000000000000000000e+00 4.105682653839021201e-02 4.597860049643115454e-01 8.058785894906703162e-03 5.135731130970133673e-02 1.354889811443895198e+00
4.924310254502386464e+00 2.000000000000000000e+00 8.247820112220000111e-02 4.209231257079770194e-01 8.066274326994797572e-03 7.037213993986813909e-01 6.911446305224080433e+00
4.868560632608154748e+00 1.000000000000000000e+00 4.218896137939153607e-02 4.587009928517443713e-01 8.168947235752760383e-03 1.346350608795503501e-01 2.489912125931415865e+00
4.848220671829760242e+00 2.000000000000000000e+00 8.508739696526212981e-02 4.185325355958999238e-01 8.191965735796018569e-03 4.383024166986080328e-01 3.760540763834040234e+00
4.817414450744367471e+00 1.000000000000000000e+00 4.308955191349608110e-02 4.578388028285568789e-01 8.255517556793602954e-03 6.407371397621286491e-02 3.873292391099091514e+00
4.785438417407053890e+00 2.000000000000000000e+00 8.733463954134619567e-02 4.164790300905622522e-01 8.298628261503508685e-03 4.948907021847929188e-01 5.695283076799477762e+00
4.738175380308662810e+00 1.000000000000000000e+00 4.454282284235869249e-02 4.564492086910241775e-01 8.393311166800912146e-03 1.687201123628695454e-01 1.581663509784978494e+00
4.724899986309862854e+00 2.000000000000000000e+00 8.958695088547338758e-02 4.144259599990047227e-01 8.404110050682304933e-03 1.002304937840148291e-03 1.663709011193711174e+00
4.710917992687479128e+00 3.000000000000000000e+00 1.351792916710248260e-01 3.739574287773151928e-01 8.407127139117162584e-03 4.185295140506268829e-01 1.776984987854901554e+00
4.695978653970280803e+00 2.000000000000000000e+00 9.069383519846908881e-02 4.134188506730344659e-01 8.455442661935524268e-03 1.007728922840184227e-01 1.588472382139405337e+00
4.682547416823032549e+00 3.000000000000000000e+00 1.368223000958289359e-01 3.725378708059275956e-01 8.457096938624140969e-03 3.015666784280580659e-01 1.835948227583701353e+00
4.667020624688062114e+00 4.000000000000000000e+00 1.836456099726481439e-01 3.332172450584648393e-01 8.452390484587473177e-03 4.228899892121354975e-01 9.670781510682080473e-01
4.658846502526120759e+00 3.000000000000000000e+00 1.382179512198527249e-01 3.713341497998540741e-01 8.499285296747288720e-03 3.361246370472024125e-01 1.081295473928795214e+00
4.649656263803118250e+00 4.000000000000000000e+00 1.850198376543762402e-01 3.320963325084496098e-01 8.482834442976341233e-03 5.500315239947289880e-01 2.067885660549090066e+00
4.632114732097675436e+00 3.000000000000000000e+00 1.398178562593177243e-01 3.699566602051578834e-01 8.547360322273671665e-03 7.137506925518262157e-01 4.146831453366797149e+00
4.596670269470011227e+00 2.000000000000000000e+00 9.465494162007613566e-02 4.098248373664739042e-01 8.636515037224739774e-03 2.350007893996584052e-01 2.508674804210339282e+00
4.575004061799941901e+00 3.000000000000000000e+00 1.433303913789650552e-01 3.669414091674585987e-01 8.651852077487021814e-03 7.983252357366678043e-01 3.506409488851253697e-01
4.571970368177877830e+00 2.000000000000000000e+00 9.568044393886669663e-02 4.088969297373026279e-01 8.682744940619199769e-03 2.636792654919979384e-01 2.457003922540230256e+00
4.550636829800359884e+00 3.000000000000000000e+00 1.448694795658465595e-01 3.656241034889930464e-01 8.697189912877789988e-03 6.587371600848759279e-01 3.246296104338065813e+00
4.522403176067496311e+00 2.000000000000000000e+00 9.778932328250664052e-02 4.069920525915186604e-01 8.777005106391426101e-03 3.357616362243587282e-01 1.281284442095433906e+00
4.511157335976484717e+00 3.000000000000000000e+00 1.474162319440852353e-01 3.634495407762109442e-01 8.771626419013477810e-03 7.183504878904740654e-01 6.819723552491367080e+00
4.451337268693082549e+00 2.000000000000000000e+00 1.009366747807198122e-01 4.041574313771745808e-01 8.915718982242012980e-03 9.879726704850506636e-01 3.888851287375173715e+00
4.416665363451115489e+00 1.000000000000000000e+00 5.126382519741087135e-02 4.500501646895244678e-01 9.002846513634230746e-03 6.915522501369193442e-01 1.873103184334036220e+00
4.399802102978356722e+00 0.000000000000000000e+00 0.000000000000000000e+00 5.000000000000000000e-01 9.043301230762097048e-03 7.503902620080427077e-01 2.106923177700463778e+00
4.380748562012336755e+00 -1.000000000000000000e+00 -5.210787298362726250e-02 5.507502577701883784e-01 9.076460240432385543e-03 9.593687036928281175e-01 3.697416856529672557e+00
4.347189104921740821e+00 -2.000000000000000000e+00 -1.058310074556636227e-01 6.002309063861233085e-01 9.126977463505660595e-03 4.683187094487495372e-02 2.548585735645192418e+00
4.323928220348695284e+00 -1.000000000000000000e+00 -5.348636065027301961e-02 5.520559652624674740e-01 9.195397369543086355e-03 5.659019326899997759e-01 6.885077448854536319e-01
4.317597118042465709e+00 -2.000000000000000000e+00 -1.072866699021055997e-01 6.015314551327639592e-01 9.188809098727962477e-03 9.233275556810380813e-01 3.049996993325453154e+00
4.289571277919104197e+00 -3.000000000000000000e+00 -1.630397412096955823e-01 6.497487626028333185e-01 9.213215903711307470e-03 7.578451891130544293e-02 1.999335544151549016e+00
4.271150967886871541e+00 -2.000000000000000000e+00 -1.096327104147225701e-01 6.036230448182833275e-01 9.287532476158289266e-03 2.540938997157290435e-01 1.609094371273816826e+00
4.256206451656462164e+00 -1.000000000000000000e+00 -5.520197659379567912e-02 5.536783474838646857e-01 9.341270992064819659e-03 6.369245421941689411e-01 2.043071951516088003e+00
4.237121562901063676e+00 -2.000000000000000000e+00 -1.114007584128848677e-01 6.051956939254019563e-01 9.361194236638267774e-03 5.089062890478913692e-01 1.985670302127309661e+00
4.218533317512926040e+00 -1.000000000000000000e+00 -5.619232905455159854e-02 5.546135401322640490e-01 9.424431214995417777e-03 9.534692632913299715e-01 4.331791273913735973e-01
4.214450850623054023e+00 -2.000000000000000000e+00 -1.126024937802397735e-01 6.062628329774752967e-01 9.410907295127127203e-03 7.235025635575254022e-01 7.499802996576747205e+00
4.143870899890553794e+00 -3.000000000000000000e+00 -1.747064026223377475e-01 6.594452390637185468e-01 9.527420554727097576e-03 9.279510588236035140e-01 2.133618084418367644e+00
4.123543023097128390e+00 -4.000000000000000000e+00 -2.352442034858414355e-01 7.075742858489975085e-01 9.511839770972701710e-03 8.475690780877936925e-01 1.232623512200662352e+00
4.111818505751141828e+00 -5.000000000000000000e+00 -2.957345946693056282e-01 7.520051194271963890e-01 9.455307015267802248e-03 6.613636109067655422e-01 1.269919425676450331e+00
4.099811027696718568e+00 -4.000000000000000000e+00 -2.379755355109662018e-01 7.096593577601006952e-01 9.563578332570699808e-03 3.407321005493557653e-01 3.890506220633332291e+00
4.062603866702338529e+00 -3.000000000000000000e+00 -1.817658533265918142e-01 6.652464406088197668e-01 9.711640621728474809e-03 5.472491724676190605e-01 2.567816338875370086e+00
4.037666157236578179e+00 -2.000000000000000000e+00 -1.226787042486345292e-01 6.151536720105725831e-01 9.817030734966387256e-03 8.920682391574419334e-01 1.419967400454008599e+00
4.023726293623671069e+00 -3.000000000000000000e+00 -1.852952953589040719e-01 6.681281221178323459e-01 9.802161183192383345e-03 4.709238620832453259e-01 1.512974741137073531e+00
4.008895871344946293e+00 -2.000000000000000000e+00 -1.244458573186318362e-01 6.167024716167471832e-01 9.886383368801461916e-03 2.017758080243734486e-01 1.131788923700777882e+00
3.997706572152677218e+00 -1.000000000000000000e+00 -6.257173130579728182e-02 5.606141205264948413e-01 9.943129441709561492e-03 2.610019443381688120e-01 1.050922060954130322e+00
3.987257118067462081e+00 0.000000000000000000e+00 0.000000000000000000e+00 5.000000000000000000e-01 9.978974165643618444e-03 9.650653426189854667e-01 1.222896510059456432e+00
3.975053865386322993e+00 -1.000000000000000000e+00 -6.328692051546780384e-02 5.612843033613021948e-01 9.999566378340972797e-03 6.304984342438757494e-02 3.373705172640845684e-01
3.971680306504845603e+00 0.000000000000000000e+00 0.000000000000000000e+00 5.000000000000000000e-01 1.001811140433623779e-02 4.622544715561223150e-01 1.354557878307730778e+00
3.958110194776337298e+00 1.000000000000000000e+00 6.382991089841461019e-02 4.382072178642351656e-01 1.004219783119046465e-02 9.341380003899962814e-01 3.314290020106754220e+00
3.924827438724485251e+00 0.000000000000000000e+00 0.000000000000000000e+00 5.000000000000000000e-01 1.013770322241342239e-02 4.573655003156572585e-01 2.402098236110266960e+00
3.900475679695716735e+00 1.000000000000000000e+00 6.573018450471203311e-02 4.364300440727997277e-01 1.018995362734166805e-02 8.679692240334797582e-01 1.597737048196612220e+00
3.884194813265907431e+00 0.000000000000000000e+00 0.000000000000000000e+00 5.000000000000000000e-01 1.024375390160172858e-02 3.064010873321607598e-01 1.320114990475201866e+00
3.870671880181664193e+00 1.000000000000000000e+00 6.674631368993827474e-02 4.354812215056595437e-01 1.026806782098049070e-02 7.823328192798395531e-01 3.462262507057738858e+00
3.835121133945157190e+00 0.000000000000000000e+00 0.000000000000000000e+00 5.000000000000000000e-01 1.037483155898220356e-02 3.982277387598810447e-01 7.247059658111676406e-01
3.827602431620076739e+00 1.000000000000000000e+00 6.825686796765202680e-02 4.340726320447246822e-01 1.038307511795028004e-02 4.948270177355739152e-01 3.303597957815847863e+00
3.793300925864567574e+00 0.000000000000000000e+00 0.000000000000000000e+00 5.000000000000000000e-01 1.048921152067712644e-02 7.456332254967124040e-01 6.935622845349556975e+00
3.720551710812055379e+00 -1.000000000000000000e+00 -7.224125962956642888e-02 5.696318598331332472e-01 1.068032125300844709e-02 4.768065162753875041e-01 2.826146309303851023e+00
3.690367560320686025e+00 0.000000000000000000e+00 0.000000000000000000e+00 5.000000000000000000e-01 1.078178125149037089e-02 8.927164834126143367e-01 1.291897867292767232e+00
3.676438600116268329e+00 -1.000000000000000000e+00 -7.398528745209762003e-02 5.712483760724128556e-01 1.080777933178262221e-02 6.143081058103260217e-01 1.317586223282533275e+00
3.662198418964433877e+00 -2.000000000000000000e+00 -1.491235569404764649e-01 6.380046393231867397e-01 1.080363026146314610e-02 3.908881146132825446e-01 1.151449892984921064e+00
3.649758580056023494e+00 -1.000000000000000000e+00 -7.507091747242919388e-02 5.722530961473530908e-01 1.088634154976892733e-02 7.258086866135208259e-01 1.983506054205431468e+00
3.628165455683908469e+00 -2.000000000000000000e+00 -1.519342994140016057e-01 6.403922837447898475e-01 1.090259691681074589e-02 6.043700430492525699e-01 7.914995853156360006e+00
3.541871446298716197e+00 -1.000000000000000000e+00 -7.971396498064677039e-02 5.765368068741788532e-01 1.121591429886155053e-02 6.219357455211657060e-01 1.214056826023943270e+00
3.528254688984083565e+00 -2.000000000000000000e+00 -1.606608798100391533e-01 6.477549206593712361e-01 1.120344624587316790e-02 7.580752932484613460e-03 4.452628726562898320e-01
3.523266210324995651e+00 -1.000000000000000000e+00 -8.055807548472211643e-02 5.773132737218210631e-01 1.127475751350164208e-02 8.210365866148094938e-04 3.531797931396422285e+00
3.483446045061814100e+00 0.000000000000000000e+00 0.000000000000000000e+00 5.000000000000000000e-01 1.142223397700646223e-02 3.059779081826180525e-01 1.651758615523965190e+00
3.464579271681762940e+00 1.000000000000000000e+00 8.331035682451627677e-02 4.201599509525978382e-01 1.146443837641579130e-02 6.509484192808634440e-02 6.143551867118288712e+00
3.394146899888871083e+00 2.000000000000000000e+00 1.736075970940402780e-01 3.414622017903430340e-01 1.163306358951694645e-02 1.065221749212319491e-01 2.418939537454145139e+00
3.366007222430470236e+00 3.000000000000000000e+00 2.647836519253758958e-01 2.702715392380934389e-01 1.160596458499881661e-02 2.056358956240180724e-01 2.092674231915684135e+00
3.341719719406917033e+00 4.000000000000000000e+00 3.581953539665579389e-01 2.059566018350559302e-01 1.149808581128987893e-02 4.837394962135067589e-01 4.943841403962392356e+00
3.284875006706749812e+00 3.000000000000000000e+00 2.780248128718654232e-01 2.606240854143524466e-01 1.186912902194087703e-02 9.009817330811560332e-01 1.039422278968422431e+00
3.272537969569393912e+00 2.000000000000000000e+00 1.867499986596437289e-01 3.306877823400447003e-01 1.205047517845266036e-02 4.234656627695538855e-01 1.999351440868195884e-01
3.270128656078275409e+00 1.000000000000000000e+00 9.351264071587725435e-02 4.108596662709511071e-01 1.214061379574976098e-02 2.672499734142625982e-01 2.333626947954490216e+00
3.241796992559805801e+00 2.000000000000000000e+00 1.903085786248139566e-01 3.278000989242845220e-01 1.216047760065741036e-02 5.168491501987203529e-01 4.585818925627608955e+00
3.186031244234040383e+00 1.000000000000000000e+00 9.851445046511263237e-02 4.063380980101089501e-01 1.245804671316483661e-02 1.378280446531028325e-01 3.166614022344591550e+00
3.146581418821108755e+00 2.000000000000000000e+00 2.020003156957294876e-01 3.184017480748577156e-01 1.251337437268446560e-02 5.026044984437438856e-01 8.883812974408824559e+00
3.035414941215419660e+00 1.000000000000000000e+00 1.085335141299372252e-01 3.973562477147594141e-01 1.306933918679191974e-02 7.262945065446533288e-01 2.835355814406271158e+00
2.998358714361701427e+00 0.000000000000000000e+00 0.000000000000000000e+00 5.000000000000000000e-01 1.327017197188301231e-02 4.315211255247155542e-01 1.102353957380589389e+00
2.983730287773375345e+00 1.000000000000000000e+00 1.123261501895015113e-01 3.939824318186957441e-01 1.329290138077896324e-02 9.170187132362215277e-01 3.160363055798313781e+00
2.941719893345191128e+00 0.000000000000000000e+00 0.000000000000000000e+00 5.000000000000000000e-01 1.352567110926658663e-02 8.145413351370324184e-01 4.741901796332168018e-01
2.935306152932228407e+00 -1.000000000000000000e+00 -1.160628391454275044e-01 6.093275478301788395e-01 1.350926587623204646e-02 9.863229643026333315e-01 5.141142077426544610e+00
2.865853097700789220e+00 -2.000000000000000000e+00 -2.435129970744831784e-01 7.138637072023845676e-01 1.367157194992407038e-02 8.291754758014111548e-01 2.965456704220519768e+00
2.825310643004653510e+00 -3.000000000000000000e+00 -3.758277498386181081e-01 8.052045010642385758e-01 1.354710358983531558e-02 5.751218363308219228e-02 1.880875013617328007e+00
2.799830234355646486e+00 -2.000000000000000000e+00 -2.551329776029679364e-01 7.225865594726896823e-01 1.397201622282980005e-02 8.423581018455323921e-01 2.630105262637050689e+00
2.763082360958331485e+00 -3.000000000000000000e+00 -3.929466529806268094e-01 8.157431169362882040e-01 1.379669291673408897e-02 8.476214590516798486e-01 3.667635963120636333e+00
2.712481113844785963e+00 -4.000000000000000000e+00 -5.436589541247840440e-01 8.958764249247570532e-01 1.338720201093313890e-02 9.811967728272542599e-01 4.721913105280787448e+00
2.649267909226319606e+00 -5.000000000000000000e+00 -7.123907087097649526e-01 9.586404477817643821e-01 1.238690895414647393e-02 9.964275253908494445e-01 3.634427997390473841e+00
2.604248580522242840e+00 -6.000000000000000000e+00 -8.846803440248351968e-01 9.933506884728848796e-01 9.715956475440190240e-03 9.990956755898908748e-01 2.882176860061744783e+00
2.576245475595361878e+00 -7.000000000000000000e+00 -1.000000000000000000e+00 1.000000000000000000e+00 0.000000000000000000e+00 2.204130908513857179e-01 1.055151333185561313e+00
