5.000000000000000000e+00 0.000000000000000000e+00 0.000000000000000000e+00 5.000000000000000000e-01 7.957747154594766933e-03 4.182093690706952804e-01 8.421499273021833432e+00
4.932983838122688702e+00 1.000000000000000000e+00 4.109420800195828088e-02 4.597501589636958097e-01 8.062447543366582994e-03 7.848162890802595770e-01 1.788488687508611674e+00
4.918564241897746214e+00 0.000000000000000000e+00 0.000000000000000000e+00 5.000000000000000000e-01 8.089502101861744884e-03 2.353742827685691985e-01 2.093817202077771000e+00
4.901626303240623983e+00 1.000000000000000000e+00 4.162167984518239106e-02 4.592445022713850245e-01 8.113937339253892225e-03 4.465437043037747689e-01 2.460177813595957552e+00
4.881664574617683883e+00 2.000000000000000000e+00 8.392553632924269758e-02 4.195962114948328381e-01 8.136246229830649060e-03 7.294136660198301536e-01 2.410945180316680148e+00
4.862048530984004024e+00 1.000000000000000000e+00 4.230205066312862916e-02 4.585926810820243338e-01 8.179868928263816369e-03 9.649675663177142981e-01 2.072265018073450094e+00
4.845097674751537298e+00 0.000000000000000000e+00 0.000000000000000000e+00 5.000000000000000000e-01 8.212163808444635643e-03 5.408087435052539860e-01 2.017812369317532717e+00
4.828527069039996178e+00 -1.000000000000000000e+00 -4.289144316301701093e-02 5.419716052147138807e-01 8.236553043555963280e-03 9.983959920290349510e-01 1.797809088578796288e+00
4.813719319119729612e+00 -2.000000000000000000e+00 -8.631146108892652491e-02 5.825866269312738321e-01 8.250243232932847476e-03 1.101285649493169982e-01 2.644540108506022058e+00
4.791901219985308380e+00 -1.000000000000000000e+00 -4.354961160251409613e-02 5.426013272671491583e-01 8.299389014650496860e-03 7.146970732265713888e-01 1.766602503859429296e+00
4.777239498571523413e+00 -2.000000000000000000e+00 -8.763467226109668273e-02 5.837947543699417707e-01 8.312760599128016931e-03 5.624986554069255629e-02 1.299916446888186083e+00
4.766433604349672670e+00 -1.000000000000000000e+00 -4.401623629524337861e-02 5.430475217664439969e-01 8.343648190504765125e-03 8.152395662093274709e-01 1.862264755832811813e+00
4.750895522389427583e+00 -2.000000000000000000e+00 -8.860924494593618028e-02 5.846834458009917412e-01 8.358492871602176202e-03 9.989862726854056296e-01 5.714548401482070217e-01
4.746119021181606001e+00 -3.000000000000000000e+00 -1.331815314657114613e-01 6.243128713039353128e-01 8.345917346158865033e-03 7.269218145111651097e-01 3.393090561545594852e+00
4.717800567806914813e+00 -4.000000000000000000e+00 -1.797135547641900422e-01 6.635650738811993410e-01 8.364528410210025217e-03 9.912129664500048953e-01 8.390999233453089179e-01
4.710781892659087866e+00 -5.000000000000000000e+00 -2.253118379354206169e-01 6.999291257785019704e-01 8.336306872901577333e-03 4.422333673293563638e-01 1.884217537369924589e+00
4.695074477052269657e+00 -4.000000000000000000e+00 -1.814575403586469182e-01 6.649941208821419369e-01 8.403636789630214432e-03 1.620284942117510285e-01 1.944333833756572760e+00
4.678735001715589981e+00 -3.000000000000000000e+00 -1.370453671954785790e-01 6.276546508606067887e-01 8.463855749197347553e-03 3.180989206238492573e-01 3.002327968766108413e+00
4.653323730876173236e+00 -2.000000000000000000e+00 -9.236415489497455666e-02 5.880985863402431457e-01 8.532290757739053461e-03 7.668617829733500590e-01 7.757444656252246995e-01
4.646704853541751667e+00 -3.000000000000000000e+00 -1.389412105728010383e-01 6.292888805750833647e-01 8.521056068552386800e-03 2.477674768798526772e-01 4.727620585803994580e+00
4.606420533459273159e+00 -2.000000000000000000e+00 -9.425465948597987198e-02 5.898126890685708723e-01 8.618399158305497729e-03 4.399426673946225108e-01 9.670434723660620291e-01
4.598086166810988473e+00 -1.000000000000000000e+00 -4.729832802312312207e-02 5.461797621062316477e-01 8.648480311583932323e-03 1.796878990885824035e-01 2.915063690246301409e+00
4.572875295878880308e+00 0.000000000000000000e+00 0.000000000000000000e+00 5.000000000000000000e-01 8.701032326167265976e-03 9.967312958555015756e-01 2.651932292739073382e+00
4.549800747272950474e+00 -1.000000000000000000e+00 -4.830757586618953520e-02 5.471407649231556647e-01 8.740052123368714440e-03 2.732024164231294794e-01 2.749693180827770700e+00
4.525768285549244041e+00 0.000000000000000000e+00 0.000000000000000000e+00 5.000000000000000000e-01 8.791598080710201837e-03 5.504428862400417843e-01 8.037038253296971746e+00
4.455109875466964020e+00 -1.000000000000000000e+00 -5.038289995683625094e-02 5.491136816528059406e-01 8.925358630770929835e-03 9.036820548318248436e-01 2.588518054725248430e-01
4.452799530270898920e+00 -2.000000000000000000e+00 -1.008703921709981910e-01 5.957829741626327058e-01 8.912821324501465220e-03 9.222328988031774921e-01 3.014729870513137566e+00
4.425929781593377577e+00 -3.000000000000000000e+00 -1.531483124996451117e-01 6.414211096889006480e-01 8.936575056943427825e-03 8.830338926179017722e-01 1.704012109526624519e+00
4.410701749478652012e+00 -4.000000000000000000e+00 -2.056101772854210807e-01 6.844724047837499326e-01 8.923541973936088140e-03 6.330249201613665777e-01 2.860682970422797400e+00
4.385174324917960220e+00 -3.000000000000000000e+00 -1.560082371232456855e-01 6.438389520980942748e-01 9.017576230515975469e-03 1.253999468849028576e-01 3.438239996482432836e+00
4.354169733650871343e+00 -2.000000000000000000e+00 -1.054919417698458317e-01 5.999276668806595714e-01 9.112510581348652258e-03 8.696452744893371500e-01 1.576721529766184071e+00
4.339801842027037004e+00 -3.000000000000000000e+00 -1.592874115970896176e-01 6.466011718504393047e-01 9.109424574053861384e-03 2.168473847050544911e-03 7.800155925558421854e-01
4.332696348820063825e+00 -2.000000000000000000e+00 -1.065401954934852430e-01 6.008647888655902491e-01 9.157157244956104850e-03 7.321531681991321205e-01 2.690060630317524293e+00
4.308063040629780183e+00 -3.000000000000000000e+00 -1.616430941897714357e-01 6.485788492401497463e-01 9.174744789116395793e-03 3.058528681348027245e-01 4.286110562562840620e+00
4.268739070080330045e+00 -2.000000000000000000e+00 -1.097566334705782631e-01 6.037333741751808036e-01 9.292715938887840740e-03 1.508811985843697689e-01 5.510482274336069297e-01
4.263618335434161466e+00 -1.000000000000000000e+00 -5.501021693406270979e-02 5.534971549504963395e-01 9.325081562574572686e-03 8.069670476391084257e-01 2.046861818010258460e+00
4.244531182033895789e+00 -2.000000000000000000e+00 -1.110121563843173842e-01 6.048503069517693342e-01 9.345057615704343776e-03 1.665386382316216274e-01 2.956410587608126583e+00
4.216903354757019606e+00 -1.000000000000000000e+00 -5.623577757459866794e-02 5.546545462348888567e-01 9.428062488049214832e-03 3.213458025185855771e-02 9.965812263931667081e-01
4.207507524680168309e+00 0.000000000000000000e+00 0.000000000000000000e+00 5.000000000000000000e-01 9.456604780759924125e-03 5.687073572963128321e-01 2.694191099545301338e+00
4.182029624247927124e+00 -1.000000000000000000e+00 -5.717758263066474028e-02 5.555429446529215332e-01 9.506427736841285489e-03 6.084473805264176693e-01 2.992579067653347469e+00
4.153580887594496396e+00 -2.000000000000000000e+00 -1.159270143216338672e-01 6.092074779968696951e-01 9.546978866646609746e-03 6.908574284370083696e-03 1.711259596219322665e+00
4.137243528394044745e+00 -1.000000000000000000e+00 -5.842218954370069495e-02 5.567156134281606716e-01 9.608988734352634856e-03 9.558839400761162119e-01 3.997513528030404828e+00
4.098831465937778695e+00 -2.000000000000000000e+00 -1.190446472810900574e-01 6.119588332579505296e-01 9.672698305349669567e-03 5.213539468764361029e-01 1.238626206174475275e+00
4.086850608332353474e+00 -1.000000000000000000e+00 -5.987182199155037521e-02 5.580795044572564034e-01 9.727053544672461041e-03 1.882699507655660742e-01 3.470726236131415732e+00
4.053090668394603746e+00 0.000000000000000000e+00 0.000000000000000000e+00 5.000000000000000000e-01 9.816887661369250867e-03 6.025828529830080660e-01 3.256176779856756465e+00
4.021125146741191259e+00 -1.000000000000000000e+00 -6.184503232746962204e-02 5.599326283156766948e-01 9.885446316530746916e-03 8.703387708408949486e-02 3.247784410366868713e+00
3.989019348304843948e+00 0.000000000000000000e+00 0.000000000000000000e+00 5.000000000000000000e-01 9.974565751324892399e-03 7.505884989774197491e-01 3.534048410899992110e+00
3.953768750061956716e+00 -1.000000000000000000e+00 -6.397016501526356369e-02 5.619240740092235065e-01 1.005317940862820308e-02 9.566842577843162054e-01 2.640723512274630647e+00
3.927221082824476905e+00 -2.000000000000000000e+00 -1.296759070781922096e-01 6.212679866399162254e-01 1.008856983670924218e-02 9.040217993871346724e-02 1.735480246566614593e+00
3.909712569156760242e+00 -1.000000000000000000e+00 -6.541996975835699668e-02 5.632800835367648418e-01 1.016598331545664514e-02 3.042332468612740648e-03 1.819669804138916103e+00
3.891213836288243577e+00 0.000000000000000000e+00 0.000000000000000000e+00 5.000000000000000000e-01 1.022527608272681514e-02 1.543669913169656294e-01 1.810849818909537889e+00
3.872697396945537829e+00 1.000000000000000000e+00 6.667651199459255495e-02 4.355463666312899829e-01 1.026272139499899774e-02 2.652004099018839822e-01 3.167891204678426220e+00
3.840186212102255414e+00 2.000000000000000000e+00 1.356205270160936449e-01 3.735759366579678442e-01 1.031306129295184344e-02 4.763775383562653953e-01 7.898971956539656558e-01
3.832039953908345176e+00 1.000000000000000000e+00 6.809887587901061745e-02 4.342198525689818234e-01 1.037110764529886216e-02 1.638466527245145965e-01 2.164496373559249509e+00
3.809591729020302964e+00 2.000000000000000000e+00 1.378075860497201266e-01 3.716878793367053846e-01 1.039429339864576807e-02 3.200010083147954987e-01 1.162945746824544768e+00
3.797503729721101617e+00 3.000000000000000000e+00 2.080294575212772445e-01 3.136086700770212010e-01 1.036172368994434448e-02 9.991193079348008599e-01 1.856205659624156956e+00
3.778270239564365252e+00 2.000000000000000000e+00 1.401018792533907098e-01 3.697123890317751127e-01 1.047874941185655134e-02 9.954513531095603440e-01 3.711154184747154083e-01
3.774381414091292353e+00 1.000000000000000000e+00 7.019536393704889354e-02 4.322683306220784782e-01 1.052877190706593205e-02 8.641636485817278945e-01 3.494808016766251413e+00
3.737585377623775074e+00 0.000000000000000000e+00 0.000000000000000000e+00 5.000000000000000000e-01 1.064557240917667243e-02 9.695865642070478074e-01 1.004387734832094869e+00
3.726893095265730871e+00 -1.000000000000000000e+00 -7.199562883328433638e-02 5.694039435477342703e-01 1.066224352432315961e-02 4.922319455735735261e-03 1.489092733768672128e+00
3.711016025907988958e+00 0.000000000000000000e+00 0.000000000000000000e+00 5.000000000000000000e-01 1.072179033860102063e-02 9.085582400500372691e-01 2.017685898855344551e+00
3.689382820731310186e+00 -1.000000000000000000e+00 -7.346704257845215746e-02 5.707683394058401527e-01 1.077006733339811416e-02 2.066029085175210556e-01 8.126236554018196889e-01
3.680630809245920343e+00 0.000000000000000000e+00 0.000000000000000000e+00 5.000000000000000000e-01 1.081030340587886031e-02 4.604142880854219522e-01 1.188669327174376456e+00
3.667780933169903612e+00 1.000000000000000000e+00 7.433497898239239954e-02 4.284278655677639658e-01 1.083314927055055617e-02 8.660751081921432837e-01 4.841409584278244971e+00
3.615333220463543107e+00 0.000000000000000000e+00 0.000000000000000000e+00 5.000000000000000000e-01 1.100555145173376034e-02 7.761402870937121889e-01 2.087927760399590049e+00
3.592354424068961993e+00 -1.000000000000000000e+00 -7.748928331891212495e-02 5.744869888042728467e-01 1.105927264751200428e-02 5.234024701338837460e-01 3.031347698825616277e+00
3.558829923378241222e+00 0.000000000000000000e+00 0.000000000000000000e+00 5.000000000000000000e-01 1.118028583259863401e-02 4.387643762543793624e-01 5.631097050922122982e+00
3.495872648797828663e+00 1.000000000000000000e+00 8.182552365828514584e-02 4.215221845026911329e-01 1.136251669589312743e-02 4.760156928114633867e-01 4.753061699873782686e+00
3.441865905876402731e+00 0.000000000000000000e+00 0.000000000000000000e+00 5.000000000000000000e-01 1.156022252495116608e-02 1.435369392970066160e-01 4.357651277863750394e+00
3.391490487418160171e+00 1.000000000000000000e+00 8.693983136107120979e-02 4.168394357774745096e-01 1.170967876558999012e-02 8.857041525194456755e-01 7.049897296531058011e-01
3.383235284150882372e+00 0.000000000000000000e+00 0.000000000000000000e+00 5.000000000000000000e-01 1.176055829145797316e-02 1.715740574584895262e-01 2.596790513065599715e+00
3.352695577951269268e+00 1.000000000000000000e+00 8.896347872882835739e-02 4.149937715449389941e-01 1.184411013910409254e-02 1.257809518718765451e-01 2.368935348605657243e+00
3.324637646769966981e+00 2.000000000000000000e+00 1.809428218602127936e-01 3.354273305311555875e-01 1.186824645097225156e-02 2.564163096824639831e-01 2.819407577342093685e+00
3.291176222796332596e+00 3.000000000000000000e+00 2.769612312002904253e-01 2.613925305936999344e-01 1.184833672901871270e-02 1.125157277315347315e-01 1.958156284183229845e+00
3.267975327773285699e+00 4.000000000000000000e+00 3.745436626869311225e-01 1.955978149425396939e-01 1.171548460688747947e-02 2.361121786078296259e-01 5.803635816964199945e-01
3.261176087165523096e+00 3.000000000000000000e+00 2.820802997083640684e-01 2.577043480334161862e-01 1.194786677807012885e-02 8.776786868499358851e-01 5.789303213996753961e+00
3.192006263626836482e+00 2.000000000000000000e+00 1.962919664907360473e-01 3.229733015636641058e-01 1.234267593194156645e-02 5.107427165406397407e-01 9.208364549519609810e-01
3.180640677677046391e+00 1.000000000000000000e+00 9.884865905261858154e-02 4.060368696456318482e-01 1.247895236325406200e-02 9.293542505264325015e-01 2.540435012697049189e+00
3.148938710171657274e+00 0.000000000000000000e+00 0.000000000000000000e+00 5.000000000000000000e-01 1.263560184402726626e-02 9.386020371260481721e-01 1.389248953442761669e+00
3.131384713533722941e+00 -1.000000000000000000e+00 -1.019828502718629487e-01 5.967825993970763410e-01 1.267322356752806529e-02 7.873528618526006717e-01 7.627468620539499256e-01
3.121718252025482698e+00 -2.000000000000000000e+00 -2.052308238021388898e-01 6.841709782828866437e-01 1.260866530537990519e-02 9.123835116542730050e-01 1.046824625525348607e+00
3.108519190688804112e+00 -3.000000000000000000e+00 -3.104660734025191382e-01 7.622714820355299681e-01 1.247563136666965389e-02 2.680708291589616321e-01 3.454986035750957196e+00
3.065416058529783605e+00 -2.000000000000000000e+00 -2.128389654711836110e-01 6.901887528597617782e-01 1.282945559448862502e-02 7.018138663551611867e-01 1.659642107920900278e+00
3.044123753803468890e+00 -3.000000000000000000e+00 -3.237402119879994045e-01 7.713363495589820040e-01 1.270897643455637729e-02 3.780658989315852647e-01 2.490393909727555144e+00
3.012473396291978744e+00 -2.000000000000000000e+00 -2.203857729604958293e-01 6.961008284987981742e-01 1.304360084836703529e-02 9.077197689589147078e-01 9.419132041134766764e-01
3.000187456423716093e+00 -3.000000000000000000e+00 -3.332916802543945956e-01 7.777500081909958229e-01 1.287178743522725093e-02 9.429752350850491016e-01 6.543253072802679426e+00
2.915964093735702534e+00 -4.000000000000000000e+00 -4.704306910467466185e-01 8.597781735073868337e-01 1.279296492471212847e-02 8.790212911742023572e-01 6.737182826960069981e+00
2.829775550139029594e+00 -5.000000000000000000e+00 -6.244045004198627291e-01 9.294640103475735327e-01 1.233266236703558193e-02 9.882097040888341288e-01 7.798990500699662043e+00
2.733593233490182683e+00 -6.000000000000000000e+00 -8.029406936166743058e-01 9.805838148838612600e-01 1.087167646431628533e-02 9.962100380142094869e-01 8.560731679700309016e+00
2.640523728370657963e+00 -7.000000000000000000e+00 -1.000000000000000000e+00 1.000000000000000000e+00 0.000000000000000000e+00 8.767616938874475130e-01 3.818001696111370968e+00
