5.000000000000000000e+00 0.000000000000000000e+00 0.000000000000000000e+00 5.000000000000000000e-01 7.957747154594766933e-03 1.912463300815653300e-01 1.141721976353259782e+00
4.990914465191336191e+00 1.000000000000000000e+00 4.014576574442750567e-02 4.606600755091757038e-01 7.969018787232736920e-03 2.984991423145322287e-02 1.917142269416084011e+00
4.975636722428561143e+00 2.000000000000000000e+00 8.078536039523363799e-02 4.224777768318602744e-01 7.983622445125014219e-03 8.356370995803243940e-01 1.348234793301768430e+00
4.964872924871458260e+00 1.000000000000000000e+00 4.056801194809835087e-02 4.602548698486121914e-01 8.010749152412267871e-03 7.516128784109789018e-01 2.907840377736806703e-01
4.962543526887327694e+00 0.000000000000000000e+00 0.000000000000000000e+00 5.000000000000000000e-01 8.017810938563324497e-03 9.408558853627964069e-01 6.564601178809263970e-01
4.957280153773451659e+00 -1.000000000000000000e+00 -4.069237833845541774e-02 5.398644435110354634e-01 8.022998428163020598e-03 4.996606190019021732e-01 6.461464820688562760e-01
4.952096121563450026e+00 0.000000000000000000e+00 0.000000000000000000e+00 5.000000000000000000e-01 8.034726062710580499e-03 4.829141317398506494e-01 4.201637043630633173e+00
4.918337118902941008e+00 1.000000000000000000e+00 4.133932806115788589e-02 4.595151419611161470e-01 8.086416430942988676e-03 5.524023518856063797e-01 5.344422677863985172e+00
4.875119891546757067e+00 0.000000000000000000e+00 0.000000000000000000e+00 5.000000000000000000e-01 8.161591234292667890e-03 3.827429321209677715e-01 1.744010711918464684e+00
4.860885989007850405e+00 1.000000000000000000e+00 4.232228721689354489e-02 4.585733007807410999e-01 8.181821736015218102e-03 7.890016117711537991e-01 4.759794074889864390e+00
4.821942202386960474e+00 0.000000000000000000e+00 0.000000000000000000e+00 5.000000000000000000e-01 8.251599480656901520e-03 3.269305002736965227e-01 2.977489167487261668e+00
4.797373154318861133e+00 1.000000000000000000e+00 4.345032196913171246e-02 4.574936432704789224e-01 8.289940589089871484e-03 2.086150476287629285e-01 1.784320930013919337e+00
4.782581239817176311e+00 2.000000000000000000e+00 8.743902045986787219e-02 4.163837706896227342e-01 8.303547737186783503e-03 3.106146284809483404e-01 1.469316961728360793e+00
4.770380696284406419e+00 3.000000000000000000e+00 1.318302807145716737e-01 3.768593307420696759e-01 8.304230886189992167e-03 5.651689348972241955e-01 3.400952535395094678e+00
4.742138401197512287e+00 2.000000000000000000e+00 8.893680955929123000e-02 4.150180684880016013e-01 8.373805211643650312e-03 3.833232668307308133e-01 4.023673066450839997e+00
4.708444946703716383e+00 3.000000000000000000e+00 1.353213310927825486e-01 3.738346002315786620e-01 8.411460185545026336e-03 7.023418074853308157e-01 1.988649354366156530e+00
4.691717501836455639e+00 2.000000000000000000e+00 9.085865148433910909e-02 4.132689957904371880e-01 8.463058169061813893e-03 1.853857888437593360e-02 9.099496218672796788e-01
4.684016545255676789e+00 3.000000000000000000e+00 1.367364857071240170e-01 3.726119475546432191e-01 8.454495196756338024e-03 5.877098523480158709e-01 1.676595984335987000e+00
4.669841772559207627e+00 2.000000000000000000e+00 9.171189439192267701e-02 4.124936413945549107e-01 8.502368497185120930e-03 7.136821231022125733e-01 1.135615769001810715e+00
4.660186348819939539e+00 1.000000000000000000e+00 4.604616159640074341e-02 4.550139629024801957e-01 8.533483406306722335e-03 1.589088238332418968e-01 1.891905410940228016e+00
4.644041805389378830e+00 2.000000000000000000e+00 9.273373552673395970e-02 4.115660373256371796e-01 8.549196234001263037e-03 1.087713045905399634e-01 5.123865183265675860e+00
4.600236876461074154e+00 3.000000000000000000e+00 1.417623371723447379e-01 3.682859429479380386e-01 8.605382368620035499e-03 5.803962757866798494e-02 8.115639992124761282e-01
4.593253057931244498e+00 4.000000000000000000e+00 1.895916672170416817e-01 3.283808329220270217e-01 8.583156545422606157e-03 3.446696016066175261e-03 4.050355906202373291e+00
4.558488219123632668e+00 5.000000000000000000e+00 2.406181208814008876e-01 2.883304191668473182e-01 8.598359873212967075e-03 2.037087381460002122e-01 3.000162165864121988e+00
4.532691745143535123e+00 6.000000000000000000e+00 2.920376737703065939e-01 2.506053276802794327e-01 8.582571817981610174e-03 6.453953092223588817e-01 1.510608676785964555e+00
4.519726837686153686e+00 5.000000000000000000e+00 2.447629217338382901e-01 2.851915221940042322e-01 8.667396089806395781e-03 2.626074711306907172e-01 3.417045481011812935e+00
4.490109951045341496e+00 6.000000000000000000e+00 2.976029957685271676e-01 2.466807757766738551e-01 8.656006557178299102e-03 8.863986882658194677e-01 4.590878583548054337e+00
4.450371275922940129e+00 5.000000000000000000e+00 2.524512448674221532e-01 2.794145706501334203e-01 8.793365626868207552e-03 1.475137046913872485e-01 2.385372588111713377e+00
4.429395822599365040e+00 6.000000000000000000e+00 3.058174529700767308e-01 2.409447043004758204e-01 8.762415647329633434e-03 7.179161418549443452e-01 4.471807284206087196e+00
4.390211988480395178e+00 5.000000000000000000e+00 2.594173517934269535e-01 2.742313294123303602e-01 8.905218500645907878e-03 2.671770150427121848e-01 8.165436528340286770e+00
4.317496992042369364e+00 6.000000000000000000e+00 3.218749382304599838e-01 2.299267996999712071e-01 8.963772150728403776e-03 3.056726818587478522e-01 3.579081829456230768e+00
4.285414918014311958e+00 5.000000000000000000e+00 2.722602569929987171e-01 2.648025667759481561e-01 9.105939909263657817e-03 2.531752574628026720e-01 3.954020702902317108e+00
4.249409843093698846e+00 6.000000000000000000e+00 3.322722033232832772e-01 2.229302052273713919e-01 9.089581866344084368e-03 4.824778086183006964e-01 4.177320653470749434e+00
4.211439745032006243e+00 5.000000000000000000e+00 2.819089224022083284e-01 2.578273978627788621e-01 9.252213932723719891e-03 8.247441010745171219e-01 9.389385610674354510e-01
4.202752484595326798e+00 4.000000000000000000e+00 2.264604490678983340e-01 2.991817184281187481e-01 9.342707025529608383e-03 5.913294216251223645e-01 3.063302837710602411e+00
4.174132943652122840e+00 3.000000000000000000e+00 1.721823776991611987e-01 3.426410078959071237e-01 9.460498804563753639e-03 4.555546481117953572e-01 1.529460636898745562e+00
4.159663483125115135e+00 2.000000000000000000e+00 1.155882265385149155e-01 3.910920925186446295e-01 9.533208613147515012e-03 7.798500751958155064e-01 2.494581038845813115e-01
4.157285346980542862e+00 1.000000000000000000e+00 5.786025334361657307e-02 4.438136511148771945e-01 9.562821727088853530e-03 9.419630220774417584e-01 4.188828752556632118e+00
4.117228324374539561e+00 0.000000000000000000e+00 0.000000000000000000e+00 5.000000000000000000e-01 9.663961441589047005e-03 1.638598379933964289e-03 7.016453373920820136e-01
4.110447650888311877e+00 1.000000000000000000e+00 5.918637709945744063e-02 4.425651365176221375e-01 9.671411176404118293e-03 2.223122219375935904e-01 1.258995197487141171e+00
4.098271390664296021e+00 2.000000000000000000e+00 1.190771871072280746e-01 3.880125011374568333e-01 9.674001112352172485e-03 7.592016088218146441e-01 1.452826870989252228e+00
4.084216741898290870e+00 1.000000000000000000e+00 5.994906824949618879e-02 4.418478771424951823e-01 9.733303790820064388e-03 6.957424535901504115e-01 1.728541452052418492e+00
4.067392322830439610e+00 0.000000000000000000e+00 0.000000000000000000e+00 5.000000000000000000e-01 9.782369787551113693e-03 2.095932654264173189e-01 2.008548461320945666e+00
4.047743959045581263e+00 1.000000000000000000e+00 6.103429513153176694e-02 4.408282974595696957e-01 9.820683297479608845e-03 5.494373022827038211e-01 3.751929413390489465e+00
4.010897448522174891e+00 0.000000000000000000e+00 0.000000000000000000e+00 5.000000000000000000e-01 9.920157840892713727e-03 9.927088257694747231e-01 2.238707364895203611e+00
3.988689118102845654e+00 -1.000000000000000000e+00 -6.285496998252715350e-02 5.608795963567749787e-01 9.965519488820764188e-03 2.198109034745775459e-01 4.103924088491180733e+00
3.947791382618345946e+00 0.000000000000000000e+00 0.000000000000000000e+00 5.000000000000000000e-01 1.007873312357863808e-02 3.098694534196767547e-01 8.107786617545066354e-01
3.939619760864229825e+00 1.000000000000000000e+00 6.443048279615286311e-02 4.376451607605197913e-01 1.008913515396677243e-02 6.282498576772541643e-01 8.307724390618620447e-01
3.931237985444344218e+00 0.000000000000000000e+00 0.000000000000000000e+00 5.000000000000000000e-01 1.012117198711808518e-02 5.942008644581920906e-01 4.818294592074614080e+00
3.882471197193356094e+00 -1.000000000000000000e+00 -6.634122933698818891e-02 5.641406499820167397e-01 1.023700061475552384e-02 6.994261515235578042e-01 1.489534009709442941e+00
3.867222836620261450e+00 -2.000000000000000000e+00 -1.337308485652973500e-01 6.247888786363000602e-01 1.024229372619871875e-02 3.059863207904445215e-02 7.637376177277095390e-01
3.859400411609747117e+00 -1.000000000000000000e+00 -6.713675131952943909e-02 5.648830796306593127e-01 1.029792061740465378e-02 1.645289415443329517e-01 4.906721789486844010e+00
3.808871380129922102e+00 0.000000000000000000e+00 0.000000000000000000e+00 5.000000000000000000e-01 1.044633220763065834e-02 6.044868483779107793e-01 7.796099204231631496e+00
3.727430737918873582e+00 -1.000000000000000000e+00 -7.197486110772916001e-02 5.693846707919907324e-01 1.066071362854523023e-02 3.679362350650351443e-01 3.749994133836592525e+00
3.687453124349317157e+00 0.000000000000000000e+00 0.000000000000000000e+00 5.000000000000000000e-01 1.079030280011895881e-02 6.137658298162484982e-03 3.476967935615040250e+00
3.649935587497726175e+00 1.000000000000000000e+00 7.506363636375254500e-02 4.277536383883223103e-01 1.088581660128777953e-02 3.403314133794264063e-01 7.065974917341880657e-01
3.642243696791777730e+00 2.000000000000000000e+00 1.507620363598236590e-01 3.606025594438567738e-01 1.086144725254811587e-02 1.107007774166407499e-01 2.794192048421096364e-01
3.639208799837036157e+00 3.000000000000000000e+00 2.265203931767666157e-01 2.991353510857118758e-01 1.078937831472547883e-02 6.857108173064145884e-01 8.079059582081232094e+00
3.552040769578753920e+00 2.000000000000000000e+00 1.585163675951071216e-01 3.540473518026664435e-01 1.113038971504836695e-02 8.171310401341745910e-01 1.728061893629420309e+00
3.532806767250934232e+00 1.000000000000000000e+00 8.012355915121119332e-02 4.230863332143176558e-01 1.124450721608897738e-02 8.374670229354884698e-01 6.432644167201311269e+00
3.460474853494306391e+00 0.000000000000000000e+00 0.000000000000000000e+00 5.000000000000000000e-01 1.149805661289406665e-02 6.585497030405152996e-01 3.197632407438424806e+00
3.423708295046354433e+00 -1.000000000000000000e+00 -8.531128624294202767e-02 5.816722784627293974e-01 1.160030935394830952e-02 9.868114675810817360e-01 1.323028470611121943e+00
3.408360755503184514e+00 -2.000000000000000000e+00 -1.721626280188843505e-01 6.573426427756999813e-01 1.158605331616596040e-02 8.380788596306681937e-01 2.153808449261662261e+00
3.383406615977230025e+00 -3.000000000000000000e+00 -2.620673193106725085e-01 7.277276793853315606e-01 1.155079985381646766e-02 5.881699452687986218e-01 1.644743690269865333e+00
3.364408510800095176e+00 -2.000000000000000000e+00 -1.766902355951583681e-01 6.610805159178221313e-01 1.173259605952971761e-02 3.667331067976560277e-01 5.470649365575350309e+00
3.300223591610476959e+00 -1.000000000000000000e+00 -9.181492228687179735e-02 5.875999323095996152e-01 1.203085936154518754e-02 3.929970794894954711e-02 3.914993711296111734e+00
3.253122852868539638e+00 0.000000000000000000e+00 0.000000000000000000e+00 5.000000000000000000e-01 1.223093549568498792e-02 8.396037722717600849e-01 4.958600894794071401e+00
3.192474525175467370e+00 -1.000000000000000000e+00 -9.811719390389550544e-02 5.933037020341082046e-01 1.243314875122513395e-02 2.553657507152380379e-01 3.198958439778103902e+00
3.152701399044719022e+00 0.000000000000000000e+00 0.000000000000000000e+00 5.000000000000000000e-01 1.262052149468705781e-02 3.705726510613972513e-01 2.221024405760851028e+00
3.124670912791589483e+00 1.000000000000000000e+00 1.024215704665416005e-01 4.028235185818747621e-01 1.270016530422724173e-02 1.254167900751992359e-01 3.313106638129401205e+00
3.082593910816813665e+00 2.000000000000000000e+00 2.104734710186209889e-01 3.116760699826921499e-01 1.276134537187198492e-02 5.564596311466283307e-01 7.465788306410726660e-01
3.073066560511674705e+00 1.000000000000000000e+00 1.058902725767961600e-01 3.997161023363979271e-01 1.291106781490629699e-02 5.878901492020214281e-01 8.314647081479750179e-01
3.062331463279075017e+00 0.000000000000000000e+00 0.000000000000000000e+00 5.000000000000000000e-01 1.299295528589480657e-02 4.614905760095265874e-01 5.587103537142268372e-01
3.055072164635499465e+00 1.000000000000000000e+00 1.071413349958906525e-01 3.985982978364601692e-01 1.298623637670004785e-02 2.864244157207587183e-01 1.642534771807363514e+00
3.033741819831859754e+00 2.000000000000000000e+00 2.173065210418774484e-01 3.063045410017845027e-01 1.295679779201383899e-02 2.712866002324125780e-01 7.757026045413171200e-01
3.023691198038079619e+00 3.000000000000000000e+00 3.281303360778243250e-01 2.257044226494486217e-01 1.278433181796214367e-02 9.977393417274127430e-02 2.192045886687875811e+00
2.995667356062462705e+00 4.000000000000000000e+00 4.457309771690791123e-01 1.536070748349719350e-01 1.254738195006778988e-02 1.243521792214434818e-01 1.177737282277805525e-01
2.994189604110705449e+00 5.000000000000000000e+00 5.577138221989098588e-01 9.780853153694879509e-02 1.205444899975227635e-02 7.269294396538753533e-01 7.154924719091783736e+00
2.907940928987346574e+00 4.000000000000000000e+00 4.730301590802392653e-01 1.388486066194989377e-01 1.281751354772717524e-02 9.943703652727502451e-01 1.396976591670322509e+00
2.890035162597754503e+00 3.000000000000000000e+00 3.591823612503735608e-01 2.053236230663233464e-01 1.329233188215883134e-02 1.672592223227962194e-01 3.625742086413314080e+00
2.841840595466037733e+00 4.000000000000000000e+00 4.952911451155421196e-01 1.273655140993903978e-01 1.301750921357038883e-02 8.937530110935563155e-01 1.910540881252648315e+00
2.816970111941428545e+00 3.000000000000000000e+00 3.780565583733809798e-01 1.934068222911818347e-01 1.358030826355977397e-02 2.735401097153697947e-01 3.549780482213479083e+00
2.768762998725001534e+00 2.000000000000000000e+00 2.608905994729038280e-01 2.731413529737617418e-01 1.411735893841670197e-02 5.732167726419333809e-01 2.502822913710945674e+00
2.733429749292850097e+00 1.000000000000000000e+00 1.338394571568412850e-01 3.751170429891776958e-01 1.449056368684746056e-02 2.933112113105379448e-01 6.029943633154543292e+00
2.646052467048523926e+00 2.000000000000000000e+00 2.856492532393811734e-01 2.551484946987269131e-01 1.471708747320515064e-02 7.603063590869472144e-01 2.536260820473099198e+00
2.608726094698758047e+00 1.000000000000000000e+00 1.469410149285523826e-01 3.638548160055641301e-01 1.516893979875213842e-02 6.632664048134007118e-05 1.546166237682796263e+00
2.585272392120484763e+00 2.000000000000000000e+00 2.992384378109826382e-01 2.455333835207960114e-01 1.502966125923846721e-02 4.997615332213045658e-02 3.900736788744053829e+00
2.526645639524212061e+00 3.000000000000000000e+00 4.699293620617406853e-01 1.404874406021365818e-01 1.476654370030273423e-02 7.915669912872735914e-03 2.778770969991333217e+00
2.485612796562702620e+00 4.000000000000000000e+00 6.474303274412438469e-01 6.215268700409426472e-02 1.384669224150044710e-02 4.600239024215916350e-01 4.435153306039499199e+00
2.424200593690100547e+00 3.000000000000000000e+00 5.104863668375182462e-01 1.198117985259663509e-01 1.517665612357349883e-02 9.174535031654719175e-01 6.459364579140007834e-01
2.414397438190660772e+00 2.000000000000000000e+00 3.430934858706726209e-01 2.157630841527721222e-01 1.596397356690685068e-02 9.494055598368902338e-01 8.734923665144807003e-01
2.400453029140728667e+00 1.000000000000000000e+00 1.735455872539238276e-01 3.415134481737308048e-01 1.644878987860302899e-02 3.525964682168519770e-01 3.610539837886674874e+00
2.341064017999005209e+00 0.000000000000000000e+00 0.000000000000000000e+00 5.000000000000000000e-01 1.699600500757888349e-02 6.761064777221410527e-01 2.455776004156293713e+00
2.299325636734872891e+00 -1.000000000000000000e+00 -1.891468167942000067e-01 6.712585576425107448e-01 1.714691800525471738e-02 7.964163990903905255e-02 6.420415066614759692e-01
2.288316603664178217e+00 0.000000000000000000e+00 0.000000000000000000e+00 5.000000000000000000e-01 1.738777567285135564e-02 2.301024851520477865e-01 5.534051316378954866e+00
2.192091760812933110e+00 1.000000000000000000e+00 2.081050123140725794e-01 3.135488357610475840e-01 1.795014159588849065e-02 1.040960622468910524e-01 5.106450334698465099e+00
2.100430254252723561e+00 2.000000000000000000e+00 4.533289614248235400e-01 1.494246122084310624e-01 1.785486233901989114e-02 4.612127021960981121e-01 2.667588771058795771e+00
2.052800823968353505e+00 1.000000000000000000e+00 2.373047182844723602e-01 2.908520463755640550e-01 1.910181639953650520e-02 3.011765656925398105e-01 9.167725565648385810e-01
2.035288802912718076e+00 0.000000000000000000e+00 0.000000000000000000e+00 5.000000000000000000e-01 1.954942989713885290e-02 7.724973935973459271e-01 5.676387103742783324e+00
1.924318671159075400e+00 -1.000000000000000000e+00 -2.700511385021960864e-01 7.335873297990299635e-01 2.028540771961607342e-02 6.534305981360631899e-01 3.208806932569697068e+00
1.859226714238368494e+00 0.000000000000000000e+00 0.000000000000000000e+00 5.000000000000000000e-01 2.140069065717640356e-02 2.911775737631703276e-01 4.481122799270194079e+00
1.763327591414366680e+00 1.000000000000000000e+00 3.216132951728934430e-01 2.301042606430899196e-01 2.194880079644390483e-02 6.565800053737802511e-02 6.107575292891640473e+00
1.629273637961405452e+00 2.000000000000000000e+00 7.534283095737279723e-01 3.039879925983468567e-02 1.937538339467348783e-02 9.417201777842273414e-01 3.985596170932304005e+00
1.552051184093249381e+00 1.000000000000000000e+00 4.151336338461404374e-01 1.710343331290102853e-01 2.442486954465799415e-02 9.765267330000175772e-01 7.616377620944499993e-01
1.533448281113807266e+00 0.000000000000000000e+00 0.000000000000000000e+00 5.000000000000000000e-01 2.594723034550185103e-02 2.521132304540931734e-01 2.917285200630703290e+00
1.457752810029518731e+00 1.000000000000000000e+00 4.705786564941726313e-01 1.401434794797576378e-01 2.558873786023234051e-02 2.701603418455432726e-01 1.429013850384347917e+00
1.421186149213392369e+00 0.000000000000000000e+00 0.000000000000000000e+00 5.000000000000000000e-01 2.799685023316359628e-02 9.046010166260427532e-01 2.250682840379573335e+00
1.358174118808934239e+00 -1.000000000000000000e+00 -5.421120980180640370e-01 8.951693346092904902e-01 2.675359560245825497e-02 5.280426946903991059e-01 5.211314512187084524e+00
1.218752717792658924e+00 0.000000000000000000e+00 0.000000000000000000e+00 5.000000000000000000e-01 3.264709501123173874e-02 8.474385725890780652e-01 6.774626296531706116e-01
1.196635530955812987e+00 -1.000000000000000000e+00 -6.983549440861489543e-01 9.545051301213648420e-01 2.774189743384131504e-02 5.551780288197989410e-01 1.540364953714082663e+00
1.153902884399193196e+00 0.000000000000000000e+00 0.000000000000000000e+00 5.000000000000000000e-01 3.448187565081855394e-02 2.658259819981723115e-01 7.788279828848315711e-01
1.127047434739980591e+00 1.000000000000000000e+00 7.872553311819316946e-01 2.263014705525479009e-02 2.693151074480644100e-02 1.202429480174860288e-02 4.717327339655715157e+00
1.000002682805273491e+00 2.000000000000000000e+00 1.000000000000000000e+00 0.000000000000000000e+00 0.000000000000000000e+00 7.674224958638261596e-01 1.377625202455638354e+00
