5.000000000000000000e+00 0.000000000000000000e+00 0.000000000000000000e+00 5.000000000000000000e-01 7.957747154594766933e-03 3.864412117655268153e-01 5.396612053346761861e+00
4.957055125788027539e+00 1.000000000000000000e+00 4.069607292386099445e-02 4.601320122518511302e-01 8.023362031770885430e-03 5.223001921123339164e-01 2.124744455714093760e+00
4.940007531794835316e+00 0.000000000000000000e+00 0.000000000000000000e+00 5.000000000000000000e-01 8.054387673882256946e-03 8.496467396066373912e-01 5.271260737242903893e+00
4.897550754286966956e+00 -1.000000000000000000e+00 -4.169098051503048602e-02 5.408219115868782012e-01 8.120677691600899570e-03 2.493643883956030427e-01 2.130642555350031220e+00
4.880248492818960671e+00 0.000000000000000000e+00 0.000000000000000000e+00 5.000000000000000000e-01 8.153014304808648902e-03 8.597625901373506796e-01 1.139681517697601620e+00
4.870956653102245681e+00 -1.000000000000000000e+00 -4.214746614085362192e-02 5.412592616898064257e-01 8.164936095105813224e-03 9.587712425705006147e-01 1.237753467680800190e+00
4.860850475137135973e+00 -2.000000000000000000e+00 -8.464581128214099248e-02 5.810633545983350245e-01 8.170835287272873448e-03 6.495481330851242685e-01 1.279470642303132122e+00
4.850396131263975619e+00 -3.000000000000000000e+00 -1.275166330422935757e-01 6.193863871910720853e-01 8.169572143100460246e-03 4.158741620088015623e-01 3.615324571862520653e+00
4.820860476353421298e+00 -2.000000000000000000e+00 -8.605594354931730972e-02 5.823531308392356776e-01 8.238113675406850273e-03 8.380329078042926261e-01 3.738991051924517972e+00
4.790058243036337871e+00 -3.000000000000000000e+00 -1.307493885375312359e-01 6.222016872360620621e-01 8.270716843850061881e-03 1.540908227558878130e-01 2.699703126777644346e+00
4.767729762912303215e+00 -2.000000000000000000e+00 -8.798461394974745053e-02 5.841139678038044236e-01 8.329212053521429376e-03 1.515717333141948231e-01 1.297314195226496825e+00
4.756924157880217940e+00 -1.000000000000000000e+00 -4.419239568114494837e-02 5.432159117631255585e-01 8.360295209649695400e-03 2.590387721614778593e-01 2.377035771634637751e+00
4.737051437105455065e+00 0.000000000000000000e+00 0.000000000000000000e+00 5.000000000000000000e-01 8.399473026893389607e-03 8.993871556503000297e-01 1.651179644340074137e+00
4.723182398220265199e+00 -1.000000000000000000e+00 -4.482605971430187602e-02 5.438213718995468238e-01 8.419900966005262888e-03 9.554999333920661808e-01 1.220640423274243380e+00
4.712904726741193429e+00 -2.000000000000000000e+00 -9.004356367487068025e-02 5.859896419952353996e-01 8.425325621906842866e-03 6.351373864690644799e-01 7.029705315217062100e+00
4.653677170434439958e+00 -3.000000000000000000e+00 -1.385251883989933874e-01 6.289305744885050897e-01 8.508541068032221891e-03 5.318282918310291985e-01 2.559153208638840660e+00
4.631902510259349626e+00 -2.000000000000000000e+00 -9.322044582710570237e-02 5.888754200670035521e-01 8.571405918180971181e-03 9.600171263930676879e-01 3.683329612671947917e+00
4.600331197018681983e+00 -3.000000000000000000e+00 -1.417565241275688670e-01 6.317090680612038600e-01 8.605209569179723267e-03 3.472427123915111657e-02 3.162532493189667449e+00
4.573116942145444064e+00 -2.000000000000000000e+00 -9.563247186423744217e-02 5.910596870268053360e-01 8.680588145848688528e-03 8.870336428413062579e-01 1.803734153381957306e+00
4.557459468835333816e+00 -3.000000000000000000e+00 -1.444360572399970288e-01 6.340051699244791950e-01 8.684449509021936048e-03 5.857102415413665275e-01 3.214456695519810059e-01
4.554667890148215825e+00 -2.000000000000000000e+00 -9.640877510586896848e-02 5.917614491471619997e-01 8.715420955889178339e-03 6.017633277664394820e-01 1.496401536642613550e+00
4.541626120837335634e+00 -3.000000000000000000e+00 -1.454448997499700191e-01 6.348677903183306270e-01 8.714071624803226834e-03 4.239598902204716468e-01 1.977888000500038990e+00
4.524390663135139157e+00 -2.000000000000000000e+00 -9.770342781439349256e-02 5.929304479110523163e-01 8.773186793034614198e-03 1.681788570336510968e-01 3.460657663862793387e-01
4.521354563523957815e+00 -1.000000000000000000e+00 -4.891734400351958195e-02 5.477208907313402264e-01 8.794909581027323536e-03 9.679672866211519455e-01 1.534353527729562350e+00
4.507860062982246063e+00 -2.000000000000000000e+00 -9.842131062570536049e-02 5.935779334330645307e-01 8.805044912196587081e-03 3.564249192105861663e-02 1.532187116402467852e+00
4.494369086608433150e+00 -1.000000000000000000e+00 -4.950653498194097085e-02 5.482810864789818828e-01 8.847588073356036503e-03 9.212118869482344152e-01 3.385783397516101800e+00
4.464413069801603129e+00 -2.000000000000000000e+00 -1.003462746344306322e-01 5.953115872179263190e-01 8.889873259627246310e-03 3.950426061139413747e-01 5.675996291858194098e-01
4.459367181035929661e+00 -1.000000000000000000e+00 -5.028674594944414905e-02 5.490223675403521630e-01 8.916859342355708956e-03 2.991254648368721902e-01 2.608367996341962147e+00
4.436108730499445763e+00 0.000000000000000000e+00 0.000000000000000000e+00 5.000000000000000000e-01 8.969287767771680700e-03 2.968305384631897414e-02 1.521323295510968121e+00
4.422463544074193287e+00 1.000000000000000000e+00 5.112949189424448315e-02 4.501776205764373429e-01 8.991074127421770992e-03 7.303252455382235331e-01 1.384147848667959479e+00
4.410018568163508235e+00 0.000000000000000000e+00 0.000000000000000000e+00 5.000000000000000000e-01 9.022351075846674062e-03 1.922150266840846333e-01 2.063798028536585782e+00
4.391398257800410931e+00 1.000000000000000000e+00 5.185544308700844318e-02 4.494890504018665411e-01 9.054508283641966859e-03 6.295571405147400990e-01 8.289891722927229978e+00
4.316337364524671649e+00 0.000000000000000000e+00 0.000000000000000000e+00 5.000000000000000000e-01 9.218170965965607339e-03 2.632625663249369419e-01 4.642432139872607610e-01
4.312057891208347371e+00 1.000000000000000000e+00 5.378124286470052640e-02 4.476649681773354206e-01 9.220637486003737532e-03 4.763162835667156259e-01 3.251364289782591843e+00
4.282078239757324489e+00 0.000000000000000000e+00 0.000000000000000000e+00 5.000000000000000000e-01 9.291921713048557560e-03 5.298302655673201578e-01 1.591952398216400333e+00
4.267285942702197410e+00 -1.000000000000000000e+00 -5.491569822942436035e-02 5.534078312734117544e-01 9.317091221060723114e-03 6.385181111130012743e-01 9.831179395222683359e-01
4.258126143178607492e+00 -2.000000000000000000e+00 -1.103044287719177757e-01 6.042208952685682588e-01 9.315591990538623149e-03 3.386666263822830647e-01 3.770620581765512291e+00
4.223000580287752825e+00 -1.000000000000000000e+00 -5.607350684635478005e-02 5.545013877613307329e-01 9.414493186712707268e-03 8.215860647530348615e-01 2.814863119558662419e+00
4.196500070627139145e+00 -2.000000000000000000e+00 -1.135678819275553336e-01 6.071190500247997113e-01 9.450638766913386016e-03 4.857448124175883786e-01 2.402626090255419289e+00
4.173793719356173604e+00 -1.000000000000000000e+00 -5.740345567231978918e-02 5.557558773107578176e-01 9.525124335573143322e-03 1.860989067164598998e-01 1.374102527303953325e+00
4.160705221933778120e+00 0.000000000000000000e+00 0.000000000000000000e+00 5.000000000000000000e-01 9.562978786197488812e-03 9.498365853586544505e-01 3.098051763622507782e+00
4.131078618639714151e+00 -1.000000000000000000e+00 -5.859668937915250148e-02 5.568799033760540862e-01 9.623279126034490344e-03 9.106151468892175194e-01 4.951308373727702161e+00
4.083430796120260275e+00 -2.000000000000000000e+00 -1.199442949904793998e-01 6.127509780400978157e-01 9.708647580415188938e-03 6.290407271664544275e-02 1.773758423658665873e+00
4.066210000692165316e+00 -1.000000000000000000e+00 -6.048119893131340130e-02 5.586522112192288114e-01 9.776249261278003450e-03 1.135414851467710928e-01 2.092595695362422958e+00
4.045752263571224638e+00 0.000000000000000000e+00 0.000000000000000000e+00 5.000000000000000000e-01 9.834694064498139196e-03 7.475034323839325756e-01 5.664043720027815532e+00
3.990048126416809282e+00 -1.000000000000000000e+00 -6.281216053412060074e-02 5.608394767786385460e-01 9.962138702904447043e-03 4.758949150506938119e-01 1.850694078750583005e+00
3.971611255307652133e+00 0.000000000000000000e+00 0.000000000000000000e+00 5.000000000000000000e-01 1.001828558114801863e-02 5.377046004507441967e-01 6.720108657569808797e-01
3.964878858540864304e+00 -1.000000000000000000e+00 -6.361216178779646735e-02 5.615889082241380947e-01 1.002512414506427467e-02 3.301343919533924476e-01 4.491678254129592318e+00
3.919849226423529398e+00 0.000000000000000000e+00 0.000000000000000000e+00 5.000000000000000000e-01 1.015057811529069404e-02 3.011368301686390136e-02 1.530782964273144531e+00
3.904310894367118756e+00 1.000000000000000000e+00 6.560111406910125453e-02 4.365506390144523463e-01 1.017998738333693483e-02 1.975501381258674138e-01 7.151621882807077668e-01
3.897030552313381691e+00 2.000000000000000000e+00 1.316929039616288322e-01 3.769786065152945786e-01 1.016535760960502258e-02 8.849563267844996473e-01 5.575000633941036288e-01
3.891363364801603275e+00 1.000000000000000000e+00 6.603838261499549167e-02 4.361421513742067546e-01 1.021371094156240701e-02 5.359834964962336690e-01 4.253292564160092049e+00
3.847921464001375469e+00 0.000000000000000000e+00 0.000000000000000000e+00 5.000000000000000000e-01 1.034031909050408052e-02 2.606781642240566521e-01 2.233103721905574934e-01
3.845612363496705655e+00 1.000000000000000000e+00 6.761903821872690401e-02 4.346671289460859455e-01 1.033467387987068754e-02 6.210284684089373286e-01 3.430128627132145613e+00
3.810163102769286159e+00 0.000000000000000000e+00 0.000000000000000000e+00 5.000000000000000000e-01 1.044279068894839700e-02 8.407973891991293858e-02 6.961819408956974264e+00
3.737462279867290071e+00 1.000000000000000000e+00 7.158901112905459441e-02 4.309734821281633321e-01 1.063224791584055536e-02 2.079846695812382906e-01 1.375750117389161309e+00
3.722834963548961706e+00 2.000000000000000000e+00 1.443053483943080306e-01 3.661066683932933108e-01 1.063152420990617214e-02 7.618430563787217391e-01 5.610436522188269048e-01
3.716870214377582915e+00 1.000000000000000000e+00 7.238443796876463388e-02 4.302353154612623132e-01 1.069084422017127153e-02 3.828354287549285973e-01 3.398526814456659384e+00
3.680537093626151890e+00 2.000000000000000000e+00 1.476412105950709042e-01 3.632577529379181214e-01 1.075101564824972045e-02 7.825939214332675586e-01 7.693084250439724547e-01
3.672266246710173654e+00 1.000000000000000000e+00 7.415350408484605582e-02 4.285958669991846159e-01 1.081999103621619600e-02 1.890843095569259003e-01 1.122949797265626826e+00
3.660115939969638799e+00 2.000000000000000000e+00 1.492932974761287945e-01 3.618509468595191292e-01 1.080963636012296711e-02 1.804952695277308727e-01 1.472092799140491293e+00
3.644203152122574618e+00 3.000000000000000000e+00 2.258999297384148286e-01 2.996154593894955198e-01 1.077539896313118965e-02 9.030453735272684357e-01 1.329901955680062420e+00
3.629872927968273544e+00 2.000000000000000000e+00 1.517913949130886009e-01 3.597289188717420205e-01 1.089759014106867971e-02 2.613036667090105070e-01 3.593157772644504089e-01
3.625957251896426037e+00 3.000000000000000000e+00 2.281791170847155270e-01 2.978537376520646318e-01 1.082662808032755844e-02 6.410425922462321680e-01 9.524098668102319865e-01
3.615645864488437500e+00 2.000000000000000000e+00 1.529883011635276846e-01 3.587144089829234495e-01 1.093944321746270765e-02 6.281348503871201361e-01 2.545378143006192140e+00
3.587800844826050550e+00 1.000000000000000000e+00 7.768610444996006115e-02 4.253314609623449760e-01 1.107322370902174592e-02 5.818948077202030777e-01 2.674068314637803034e+00
3.558190288164859272e+00 0.000000000000000000e+00 0.000000000000000000e+00 5.000000000000000000e-01 1.118229564768300280e-02 5.212181854634667655e-02 2.333873260697696406e+00
3.532092227359515668e+00 1.000000000000000000e+00 8.015598031495113629e-02 4.230565102751742690e-01 1.124676724341311558e-02 4.281945286456519950e-01 1.103978799590340731e+00
3.519676034758860705e+00 0.000000000000000000e+00 0.000000000000000000e+00 5.000000000000000000e-01 1.130465854812681172e-02 6.451602704649608278e-01 2.496046285364198258e+00
3.491459083782498141e+00 -1.000000000000000000e+00 -8.203252624401097259e-02 5.786678585630238292e-01 1.137678280268674715e-02 2.784873655406786552e-01 2.240357044310235413e+00
3.465971028288911349e+00 0.000000000000000000e+00 0.000000000000000000e+00 5.000000000000000000e-01 1.147982353234407518e-02 7.002616284016786041e-01 3.049514592305758498e+00
3.430963138909933097e+00 -1.000000000000000000e+00 -8.495088266137906796e-02 5.813425564289054215e-01 1.157595945982521288e-02 8.557609829915684418e-01 5.819652502522824733e+00
3.363595077470458605e+00 -2.000000000000000000e+00 -1.767757055178234005e-01 6.611508804871613076e-01 1.173534118894093044e-02 2.048478497179108127e-01 3.457367751780144438e+00
3.323021687287676773e+00 -1.000000000000000000e+00 -9.055942340527821377e-02 5.864589188215300064e-01 1.194901097006349951e-02 8.155068640866023344e-01 2.114196057955339381e+00
3.297759135398303343e+00 -2.000000000000000000e+00 -1.839044048371619999e-01 6.669939897779065818e-01 1.196160784429733948e-02 5.452352841302289255e-01 7.103182928283840347e+00
3.212793646763864253e+00 -1.000000000000000000e+00 -9.688004578002973322e-02 5.921871741448594406e-01 1.235527011718228103e-02 8.906765556913646131e-01 2.357976227656622292e+00
3.183660213541272377e+00 -2.000000000000000000e+00 -1.973224847296219109e-01 6.778544032396860430e-01 1.237371428677383825e-02 7.685423497504737522e-01 4.395222647500649060e+00
3.129274984274341698e+00 -3.000000000000000000e+00 -3.063612254430044257e-01 7.594326252155347845e-01 1.240177232221749935e-02 4.643071342918531075e-01 2.077689531493868813e+00
3.103507951748500027e+00 -2.000000000000000000e+00 -2.076463352909979354e-01 6.860878350111071500e-01 1.267931012994896224e-02 3.282560540677081917e-02 2.457139080024604905e+00
3.072353123320450408e+00 -1.000000000000000000e+00 -1.059394562656250788e-01 6.003278720686969772e-01 1.291403180545401368e-02 1.309598603449861898e-01 3.482338672896530873e+00
3.027382090941302284e+00 0.000000000000000000e+00 0.000000000000000000e+00 5.000000000000000000e-01 1.314295142725190220e-02 7.756964489873429125e-01 2.679986845222475100e+00
2.992159154008869226e+00 -1.000000000000000000e+00 -1.116941994738171740e-01 6.054564023757686986e-01 1.325593209454535223e-02 5.433583350380788435e-01 4.343714365903061925e+00
2.934579171336356929e+00 0.000000000000000000e+00 0.000000000000000000e+00 5.000000000000000000e-01 1.355858317322368618e-02 9.219825469295614973e-01 2.418730097208723784e+00
2.901784618139772842e+00 -1.000000000000000000e+00 -1.187598530363658117e-01 6.117079016897561949e-01 1.366312415311404099e-02 5.593367543794175445e-01 2.148207366009472707e+00
2.872433394191351130e+00 0.000000000000000000e+00 0.000000000000000000e+00 5.000000000000000000e-01 1.385192633306478634e-02 1.093984713736498859e-01 2.069556532276306982e+00
2.843766049564146581e+00 1.000000000000000000e+00 1.236551674423092967e-01 3.839901327752834881e-01 1.393766667013192871e-02 4.907763651383323378e-02 1.431776606598742951e+00
2.823810424475280634e+00 2.000000000000000000e+00 2.508181275547931577e-01 2.806367390002530993e-01 1.386157773920777478e-02 4.510535267804867132e-01 1.942209901204832834e+00
2.796888330943870571e+00 1.000000000000000000e+00 1.278349912352294560e-01 3.803359012568261477e-01 1.416747270638356836e-02 7.972023272474704214e-03 1.875958605667080947e+00
2.770310738599776723e+00 2.000000000000000000e+00 2.605991679150183593e-01 2.733567952439815985e-01 1.411005706295187338e-02 1.547857030295218816e-01 5.595287305857161719e+00
2.691360915430522027e+00 3.000000000000000000e+00 4.141687929836878612e-01 1.715991015570945688e-01 1.408887151915022909e-02 1.174433561727930009e-01 7.523927280281802465e-01
2.680760550953389831e+00 4.000000000000000000e+00 5.566009501985884622e-01 9.830135868239731067e-02 1.347044617827537066e-02 1.878349032948056774e-02 4.331495678150971140e-01
2.674925833012993248e+00 5.000000000000000000e+00 6.987897313366594476e-01 4.536381297412089841e-02 1.240612444605069913e-02 3.589036422165381435e-02 2.078505070685402689e+00
2.649139640444322819e+00 6.000000000000000000e+00 8.549516363035364330e-01 1.051951390551075782e-02 1.025967954962980072e-02 8.203499377557932348e-03 4.762670483562148505e+00
2.600276167482494571e+00 7.000000000000000000e+00 1.000000000000000000e+00 0.000000000000000000e+00 0.000000000000000000e+00 9.458950760400279822e-01 2.819686994106650246e+00
