5.000000000000000000e+00 0.000000000000000000e+00 0.000000000000000000e+00 5.000000000000000000e-01 7.957747154594766933e-03 1.440945943417215602e-01 1.618784878250071557e+00
4.987118119241204184e+00 1.000000000000000000e+00 4.020690936286867162e-02 4.606013884173882911e-01 7.975075231340951476e-03 5.433553736879300766e-01 1.250925055231969951e+00
4.977141897816959926e+00 0.000000000000000000e+00 0.000000000000000000e+00 5.000000000000000000e-01 7.994294032570318717e-03 7.260375650122110613e-01 9.417472711588501522e-01
4.969613293226945672e+00 -1.000000000000000000e+00 -4.049065558631069484e-02 5.396709089914061286e-01 8.003120505256575146e-03 7.835234489084800247e-01 9.403031619628678950e-01
4.962087933710282783e+00 -2.000000000000000000e+00 -8.122712527277872741e-02 5.779282023327388940e-01 8.005276994649365013e-03 5.976448327194596732e-01 5.879018036254406887e+00
4.915024765873527102e+00 -3.000000000000000000e+00 -1.241851978950030549e-01 6.164742162068925779e-01 8.063873149025440473e-03 2.219199963026431410e-01 4.505143597807297895e-01
4.911391875224440540e+00 -2.000000000000000000e+00 -8.291265472623129962e-02 5.794754005693556476e-01 8.087344427460452234e-03 6.348730705436275157e-01 1.888337838716246164e+00
4.896120236727336206e+00 -3.000000000000000000e+00 -1.251460382699191298e-01 6.173152728225911323e-01 8.094514373430538798e-03 6.096533397299075396e-02 3.732376210347718160e-01
4.893099059439165011e+00 -2.000000000000000000e+00 -8.353375027235611372e-02 5.800448065550739551e-01 8.117367282079509389e-03 2.381198551605696601e-01 2.102252763778126088e+00
4.876034301635811197e+00 -1.000000000000000000e+00 -4.205973148725627997e-02 5.411752209808662339e-01 8.156448653458664086e-03 3.296311107225713410e-02 2.095862783102850457e+00
4.858939504460737524e+00 0.000000000000000000e+00 0.000000000000000000e+00 5.000000000000000000e-01 8.188769532208805060e-03 4.784140932889677789e-01 2.064161050745301651e+00
4.842036565338822207e+00 1.000000000000000000e+00 4.265243899576971059e-02 4.582571762803742121e-01 8.213614774698259693e-03 2.825275156170838908e-01 1.280058630630675820e+00
4.831522656857794473e+00 2.000000000000000000e+00 8.567654696861727592e-02 4.179936883816155468e-01 8.220068983607357535e-03 1.096115765866244596e-01 1.672393020266306651e+00
4.817775470863502107e+00 3.000000000000000000e+00 1.292492829667995224e-01 3.791034056069163549e-01 8.223953546924542973e-03 9.891724656544531591e-03 3.707621881804674224e+00
4.787284160737979910e+00 4.000000000000000000e+00 1.745346171339413055e-01 3.406965491551044445e-01 8.247059286935816413e-03 5.252701989167039009e-01 1.996963764464555757e-01
4.785637252882040116e+00 3.000000000000000000e+00 1.309910736997988712e-01 3.775882569947142109e-01 8.278223588734983859e-03 3.685747469950060307e-01 8.780259204888501756e+00
4.712952304016924998e+00 4.000000000000000000e+00 1.800834914072943771e-01 3.361315405314261318e-01 8.372842786617521252e-03 4.256880879313589272e-01 1.842300991361536688e+00
4.697527007450625014e+00 3.000000000000000000e+00 1.359510866996464784e-01 3.732902622877609100e-01 8.430641484362216137e-03 2.888306308204650064e-01 2.649520301265273936e+00
4.675189851685118470e+00 4.000000000000000000e+00 1.830043817049390176e-01 3.337409201566644557e-01 8.438138721894439601e-03 6.526592485598043947e-01 1.101099989802417189e+00
4.665898617224488731e+00 3.000000000000000000e+00 1.378004572643249659e-01 3.716940257468035469e-01 8.486689774164619948e-03 9.991870535939805231e-01 6.069114322288482022e+00
4.614391926767287266e+00 2.000000000000000000e+00 9.392928964289362637e-02 4.104820660835156731e-01 8.603643985100259406e-03 5.810010228326389914e-01 2.816572262919232461e+00
4.590159141758822336e+00 1.000000000000000000e+00 4.746183380522453477e-02 4.536644790288528184e-01 8.663382246625767405e-03 8.415264171621293920e-01 4.708849600951612757e+00
4.549364577723907566e+00 0.000000000000000000e+00 0.000000000000000000e+00 5.000000000000000000e-01 8.745998500054382938e-03 9.561582049498728031e-01 4.485649484788694963e+00
4.510133094058176084e+00 -1.000000000000000000e+00 -4.916106513032306863e-02 5.479526599679491738e-01 8.816738972501160509e-03 7.151096968044071689e-01 1.186420268288429503e+00
4.499672736240992066e+00 -2.000000000000000000e+00 -9.877979915338240546e-02 5.939010747929911460e-01 8.820908214870885541e-03 6.697047120992547509e-01 2.667911783870053455e+00
4.476139331270101884e+00 -3.000000000000000000e+00 -1.497318055336412379e-01 6.385219987394591401e-01 8.838685598083277986e-03 2.010049709894545789e-01 9.708615244002755773e+00
4.390327933535602689e+00 -2.000000000000000000e+00 -1.037614599856421516e-01 5.983782396964660855e-01 9.038290574158376264e-03 6.487899247853293749e-01 4.175077371533591375e+00
4.352592371082089073e+00 -3.000000000000000000e+00 -1.583526230461285433e-01 6.458148464333338667e-01 9.083351727256782498e-03 4.067792219762236261e-01 8.979811282623338942e-01
4.344435692649643244e+00 -2.000000000000000000e+00 -1.059651969135273208e-01 6.003508854350659840e-01 9.132696139607977132e-03 9.424205921723426416e-01 1.706229761579256765e+00
4.328853214692784057e+00 -3.000000000000000000e+00 -1.600941767497623958e-01 6.472791040351703051e-01 9.131856769770812024e-03 2.839165691891545329e-01 3.134943550600986839e+00
4.300225359207378695e+00 -2.000000000000000000e+00 -1.081552395893543572e-01 6.023064616640390057e-01 9.225491492237981872e-03 4.753562690657822110e-01 1.145327160939663136e+00
4.289659153228300603e+00 -1.000000000000000000e+00 -5.434435380504778340e-02 5.528676994098036257e-01 9.268642049847281364e-03 6.672814700665385956e-02 1.089619098945045828e+00
4.279559863829502042e+00 0.000000000000000000e+00 0.000000000000000000e+00 5.000000000000000000e-01 9.297389694034905588e-03 5.041798114092396199e-01 4.725032489924458901e+00
4.235629395453698542e+00 -1.000000000000000000e+00 -5.573963142850426461e-02 5.541861781726115099e-01 9.386511185852255620e-03 1.410433360903839972e-01 2.462699855059362175e+00
4.212513235716786930e+00 0.000000000000000000e+00 0.000000000000000000e+00 5.000000000000000000e-01 9.445367538697719764e-03 7.872883314181566838e-03 5.825330315683777016e+00
4.157490849850836057e+00 1.000000000000000000e+00 5.785453347329203716e-02 4.438190400484141040e-01 9.562350630098597273e-03 6.049999681842375132e-01 7.652635983623607974e-01
4.150173130998844329e+00 0.000000000000000000e+00 0.000000000000000000e+00 5.000000000000000000e-01 9.587247210430874245e-03 6.631176724213678764e-01 3.042983816148491893e+00
4.120999292896088129e+00 -1.000000000000000000e+00 -5.888367675976430293e-02 5.571500330653901267e-01 9.646734512486781002e-03 6.365433923112461256e-01 7.955940710069046018e-01
4.113324408113376407e+00 -2.000000000000000000e+00 -1.182072381524732346e-01 6.112207625766554742e-01 9.639104699452800268e-03 2.795176340090621547e-01 1.187714707291318339e+00
4.101875901696715232e+00 -1.000000000000000000e+00 -5.943400081136317181e-02 5.576678005851406494e-01 9.691550181312643883e-03 8.449624510112874187e-02 9.541567733296925091e-01
4.092628643447151049e+00 0.000000000000000000e+00 0.000000000000000000e+00 5.000000000000000000e-01 9.722048893119328988e-03 7.638742813400521969e-01 5.615752908260311926e-01
4.087168981012572644e+00 -1.000000000000000000e+00 -5.986249484597865739e-02 5.580707357013862113e-01 9.726298577270139217e-03 8.478489596664068317e-01 1.136227434894160560e+00
4.076117693729106151e+00 -2.000000000000000000e+00 -1.203750734185206062e-01 6.131299942682635340e-01 9.725809863381361386e-03 7.874456485109267989e-01 2.979533518127232217e+00
4.047139317250229240e+00 -3.000000000000000000e+00 -1.831576005495872961e-01 6.663842472300461894e-01 9.747458648911189183e-03 4.952901399772052793e-01 2.825599904335291068e+00
4.019596899024353576e+00 -2.000000000000000000e+00 -1.237841362735651318e-01 6.161228800770688352e-01 9.860476539976332708e-03 6.877195441276535703e-01 5.829553984003920775e+00
3.962114718726557516e+00 -3.000000000000000000e+00 -1.911028495489086876e-01 6.728426999960522847e-01 9.948897396755749731e-03 3.106648771095005257e-01 6.150453666866976477e+00
3.900924486251397649e+00 -2.000000000000000000e+00 -1.314301213685884484e-01 6.227931829671075059e-01 1.015538988512768893e-02 6.251260987687007331e-01 4.201728584870319416e+00
3.858254294280553776e+00 -3.000000000000000000e+00 -2.015299319532943001e-01 6.812227752167445693e-01 1.020573459213265297e-02 4.984756345195714422e-01 6.782885317745042109e-01
3.851331861548375812e+00 -2.000000000000000000e+00 -1.348366986304443405e-01 6.257462309816657076e-01 1.028377329302484176e-02 8.751258681956488594e-01 2.365168763709859956e+00
3.827009002182639730e+00 -3.000000000000000000e+00 -2.048341137225709319e-01 6.838556066503154174e-01 1.028541860967080099e-02 1.385521371687622461e-01 3.102603895934329614e+00
3.795097422332959436e+00 -2.000000000000000000e+00 -1.388622307639385822e-01 6.292208711975699753e-01 1.043321177902893984e-02 5.271465356201041619e-01 1.530247136436818645e+00
3.779132029884261446e+00 -1.000000000000000000e+00 -7.001899454622846630e-02 5.675676647475961234e-01 1.051560196593250875e-02 1.833662504425424000e-01 3.257204028335237922e+00
3.744880568800456278e+00 0.000000000000000000e+00 0.000000000000000000e+00 5.000000000000000000e-01 1.062483436840785250e-02 2.069743027867365637e-01 1.508002237603104589e+00
3.728858294798734985e+00 1.000000000000000000e+00 7.191976191545249031e-02 4.306664641615352007e-01 1.065665353893347801e-02 1.916774985417279975e-02 3.571159385592204139e+00
3.690801686494168177e+00 2.000000000000000000e+00 1.468211342658564678e-01 3.639570884676998630e-01 1.072178091936497497e-02 9.962684945943482973e-01 6.394516095351764351e-01
3.683945626428196896e+00 1.000000000000000000e+00 7.368406498139634664e-02 4.290306057346949808e-01 1.078587634961722212e-02 8.087686177082886729e-02 4.004143690769497721e-01
3.679626806554722851e+00 2.000000000000000000e+00 1.477142682805871465e-01 3.631954842462474797e-01 1.075361566507659732e-02 2.630323606673165004e-01 1.730242515354778687e+00
3.661020443537222224e+00 3.000000000000000000e+00 2.238293052267877614e-01 3.012204737123654885e-01 1.072856548705641670e-02 3.533702489168899508e-01 1.751450646866119953e+00
3.642229890574971929e+00 2.000000000000000000e+00 1.507631793174993573e-01 3.606015888014608706e-01 1.086148746082202070e-02 4.308507525557967455e-01 7.405589087351184929e+00
3.561794177562706665e+00 1.000000000000000000e+00 7.882470620505420411e-02 4.242819609491023658e-01 1.115357481545508310e-02 4.558320107957143374e-01 6.637871689301261258e-01
3.554390577712505550e+00 0.000000000000000000e+00 0.000000000000000000e+00 5.000000000000000000e-01 1.119424973227917466e-02 8.823692967644122254e-01 3.759639317246051826e-01
3.550181943570450915e+00 -1.000000000000000000e+00 -7.934120249630648158e-02 5.761936892895265228e-01 1.118982653553437547e-02 5.299874655907830245e-01 5.246542961599657495e+00
3.491474037918921969e+00 0.000000000000000000e+00 0.000000000000000000e+00 5.000000000000000000e-01 1.139597068196724662e-02 9.029004621038374534e-01 4.114474860287224089e+00
3.444585603039397537e+00 -1.000000000000000000e+00 -8.428029282063147221e-02 5.807287089416657277e-01 1.153050955084196187e-02 5.167234934006320612e-01 2.427257221643309926e+00
3.416598090462889203e+00 0.000000000000000000e+00 0.000000000000000000e+00 5.000000000000000000e-01 1.164571738304260272e-02 1.614539718722857176e-01 2.553821136551030158e+00
3.386857011259775341e+00 1.000000000000000000e+00 8.717787458988349170e-02 4.166221163191212162e-01 1.172557582994906630e-02 7.807514330278771952e-01 1.108960771953087621e+00
3.373853807635800450e+00 0.000000000000000000e+00 0.000000000000000000e+00 5.000000000000000000e-01 1.179326018303545297e-02 4.574774556589259467e-01 3.330354556672482591e+00
3.334578069847204063e+00 1.000000000000000000e+00 8.993282185918059779e-02 4.141111343645969556e-01 1.190794037214443560e-02 3.744490588058505542e-01 3.101554590033561709e+00
3.297644942728133355e+00 2.000000000000000000e+00 1.839171417442688472e-01 3.329956157694218821e-01 1.196200743202923376e-02 6.257680919462981217e-01 5.256624883343980592e+00
3.234765156806183040e+00 1.000000000000000000e+00 9.556843783128919634e-02 4.089982253234673015e-01 1.227213281425808440e-02 6.892925883742072601e-01 6.659884288942609309e+00
3.153034172284688630e+00 0.000000000000000000e+00 0.000000000000000000e+00 5.000000000000000000e-01 1.261918951678944745e-02 7.718359482899826984e-01 1.236346487815295214e+00
3.137432481646530213e+00 -1.000000000000000000e+00 -1.015900614633762494e-01 5.964297911693099419e-01 1.264905061465041759e-02 7.890677157844343537e-01 1.246879873584903597e+00
3.121660635015165663e+00 -2.000000000000000000e+00 -2.052383998310549074e-01 6.841769994484488970e-01 1.260888768191660049e-02 2.307838322432185230e-01 1.090931656633213453e+00
3.107905200288030301e+00 -1.000000000000000000e+00 -1.035295851353479762e-01 5.981703976361993913e-01 1.276793863629019019e-02 7.422359840329217917e-01 5.277322026191495929e+00
3.040524676493674860e+00 -2.000000000000000000e+00 -2.163380599546868011e-01 6.929369818622079791e-01 1.292933504567228727e-02 5.093717313740460106e-01 2.590290745493723512e-01
3.037175602802255625e+00 -1.000000000000000000e+00 -1.084077160687195451e-01 6.025315996171014543e-01 1.306185328860542776e-02 3.360954747949527199e-01 2.625301117350772984e+00
3.002884304769008139e+00 0.000000000000000000e+00 0.000000000000000000e+00 5.000000000000000000e-01 1.325017274551125966e-02 5.912914562503595040e-01 6.122834552365097771e+00
2.921755689257985455e+00 -1.000000000000000000e+00 -1.171418836549237008e-01 6.102807732018118436e-01 1.357105038905990872e-02 9.358753818564025106e-01 3.143062928489654073e+00
2.879101023879466315e+00 -2.000000000000000000e+00 -2.412771463630486724e-01 7.121698156845006622e-01 1.361264119136429591e-02 9.245360901659733788e-01 7.713791948643855534e-01
2.868600515677294016e+00 -3.000000000000000000e+00 -3.645701529209436353e-01 7.981144547205435424e-01 1.337611408570489949e-02 9.714272658157148133e-01 2.765631104210822588e+00
2.831607118508395970e+00 -4.000000000000000000e+00 -4.988775956525316468e-01 8.744381679305062161e-01 1.304800202447455731e-02 9.170493591367778752e-01 3.191359839425450762e+00
2.789966248862745690e+00 -5.000000000000000000e+00 -6.423505574200328860e-01 9.360434381111193414e-01 1.237545407482203326e-02 2.177274204347003916e-01 8.301585530842274352e+00
2.687230358377600048e+00 -4.000000000000000000e+00 -5.539240185971079367e-01 9.005081094077234116e-01 1.345378966400269209e-02 9.904120396506168600e-01 1.993891601412014269e+00
2.660404960159381105e+00 -5.000000000000000000e+00 -7.064387389017912078e-01 9.569108929912146788e-01 1.239671634140017409e-02 9.988163502864297882e-01 2.455537537738135434e+00
2.629964357838381339e+00 -6.000000000000000000e+00 -8.674641283144812753e-01 9.912171213582798845e-01 1.005232155830186949e-02 9.987240860619269744e-01 5.701735408508765701e+00
2.572648680071695448e+00 -7.000000000000000000e+00 -1.000000000000000000e+00 1.000000000000000000e+00 0.000000000000000000e+00 5.027674067840204319e-01 1.168626599856058546e+00
